,date,open,high,low,close,volume,pattern1,pattern2,pattern3,nasdaq
0,2012-01-02,6280,6460,6240,6370,1244410,P05,,,
1,2012-01-03,6450,6640,6370,6520,1792985,P05,P00P05,,
2,2012-01-04,6650,6650,6360,6380,1076061,M01,P00M01,P10M01,U04
3,2012-01-05,6500,6720,6450,6610,1926721,P05,M00P05,S07P05,T01
4,2012-01-06,6690,6950,6460,6880,2657087,P05,P00P05,S01P05,U04
5,2012-01-09,6980,7240,6820,7150,3122799,P05,P00P05,P10P05,U02
6,2012-01-10,7250,7420,7030,7080,2381596,M05,P00M05,P10M05,U01
7,2012-01-11,7150,7370,7070,7200,1742078,P05,M00P05,S03P05,U04
8,2012-01-12,7200,7500,7080,7450,1824109,P05,P00P05,S01P05,U04
9,2012-01-13,7460,7730,7330,7620,2060176,P05,P00P05,P10P05,U04
10,2012-01-16,7580,7810,7470,7620,1975451,P05,P00P05,P10P05,U04
11,2012-01-17,7800,7890,7120,7160,5475879,M05,P00M05,P10M05,D04
12,2012-01-18,7250,7330,6910,6940,1827015,M05,M00M05,S07M05,U04
13,2012-01-19,7030,7590,7020,7360,5162719,P05,M00P05,M10P05,U04
14,2012-01-20,7330,7480,7190,7360,1519815,K00,P00K00,S01K00,U04
15,2012-01-25,7400,7470,7170,7180,1133428,M05,K00M05,P10M05,U01
16,2012-01-26,7160,7440,7160,7250,1088288,P04,M00P04,S07P04,U04
17,2012-01-27,7290,7340,7190,7190,604758,M03,P00M03,S00M03,D04
18,2012-01-30,7200,7430,7200,7340,1101697,P03,M00P03,S03P03,U04
19,2012-01-31,7440,7750,7430,7730,2915834,P05,P00P05,S01P05,T01
20,2012-02-01,7810,7930,7610,7720,2105716,M05,P00M05,P10M05,U01
21,2012-02-02,7810,7840,7570,7620,1252373,M05,M00M05,S03M05,U04
22,2012-02-03,7610,7610,7420,7430,1144571,M01,M00M01,M10M01,U04
23,2012-02-06,7550,7750,7520,7620,1251549,P05,M00P05,M10P05,U04
24,2012-02-07,7560,7640,7210,7270,1559935,M05,P00M05,S01M05,T01
25,2012-02-08,7270,7300,7050,7230,1318430,M05,M00M05,S07M05,U01
26,2012-02-09,7340,7340,7170,7260,644523,M01,M00M01,M10M01,U04
27,2012-02-10,7310,7660,7290,7620,1639579,P05,M00P05,M10P05,U04
28,2012-02-13,7710,7780,7530,7580,811040,M05,P00M05,S01M05,D04
29,2012-02-14,7660,7660,7470,7520,686370,M01,M00M01,S03M01,U04
30,2012-02-15,7540,7960,7490,7920,2573179,P05,M00P05,M10P05,T01
31,2012-02-16,7700,7790,7590,7660,1565030,M05,P00M05,S01M05,D04
32,2012-02-17,7770,8200,7700,7980,3227958,P05,M00P05,S06P05,U04
33,2012-02-20,8070,8180,7850,8060,1596050,M05,P00M05,S01M05,U04
34,2012-02-21,8090,8100,7820,7900,835999,M05,M00M05,S05M05,T01
35,2012-02-22,7890,7930,7730,7740,822704,M05,M00M05,M10M05,T01
36,2012-02-23,7690,7950,7670,7680,854883,M05,M00M05,M10M05,D04
37,2012-02-24,7890,7890,7680,7700,491799,M01,M00M01,M10M01,U04
38,2012-02-27,7780,7780,7360,7360,1023167,M00,M00M00,M10M00,U03
39,2012-02-28,7360,7510,7360,7490,428731,P03,M00P03,M10P03,U01
40,2012-02-29,7570,7750,7500,7500,762237,M04,P00M04,S00M04,U04
41,2012-03-02,7650,7670,7500,7540,355657,M05,M00M05,S05M05,U04
42,2012-03-05,7580,7610,7310,7310,595988,M03,M00M03,M10M03,D04
43,2012-03-06,7560,7770,7470,7550,1743332,M05,M00M05,M10M05,D04
44,2012-03-07,7450,7500,7350,7380,561660,M05,M00M05,M10M05,D04
45,2012-03-08,7440,7510,7340,7340,693381,M03,M00M03,M10M03,U04
46,2012-03-09,7450,7600,7420,7600,585116,P01,M00P01,M10P01,U04
47,2012-03-12,7640,7810,7530,7640,917412,K00,P00K00,S01K00,U04
48,2012-03-13,7780,7810,7600,7680,607587,M05,K00M05,P10M05,T01
49,2012-03-14,7780,7790,7520,7530,816850,M05,M00M05,S05M05,U04
50,2012-03-15,7510,7550,7400,7420,458709,M05,M00M05,M10M05,T01
51,2012-03-16,7450,7700,7450,7700,911510,P00,M00P00,M10P00,U04
52,2012-03-19,7700,7740,7600,7670,495521,M05,P00M05,S01M05,T01
53,2012-03-20,7710,7790,7500,7520,636935,M05,M00M05,S03M05,U04
54,2012-03-21,7460,7520,7350,7380,557529,M05,M00M05,M10M05,T01
55,2012-03-22,7380,7420,7100,7110,737562,M05,M00M05,M10M05,U01
56,2012-03-23,7000,7190,7000,7170,426122,P03,M00P03,M10P03,D04
57,2012-03-26,7180,7250,7000,7000,463587,M03,P00M03,S00M03,U02
58,2012-03-27,7000,7080,6690,6700,951397,M05,M00M05,S07M05,U04
59,2012-03-28,6650,6820,6650,6730,447987,P03,M00P03,M10P03,T01
60,2012-03-29,6730,6750,6410,6450,563694,M05,P00M05,S00M05,D04
61,2012-03-30,6400,6540,6400,6450,619651,P03,M00P03,S07P03,D04
62,2012-04-02,6450,6540,6450,6470,324178,K02,P00K02,S08K02,T01
63,2012-04-03,6470,6650,6330,6330,757396,M03,K00M03,P10M03,U04
64,2012-04-04,6330,6330,5930,5930,1321889,M00,M00M00,S07M00,T01
65,2012-04-05,5830,6050,5800,6050,488722,P01,M00P01,M10P01,D04
66,2012-04-06,6100,6410,6070,6260,824263,P05,P00P05,S00P05,D04
67,2012-04-09,6250,6260,5950,5960,387433,M05,P00M05,P10M05,U04
68,2012-04-10,5850,6040,5820,5870,339494,K02,M00K02,S07K02,D04
69,2012-04-12,5870,6230,5870,6190,645991,P03,K00P03,S08P03,U04
70,2012-04-13,6330,6580,6270,6560,820038,P05,P00P05,P10P05,U04
71,2012-04-16,6500,6550,6320,6410,367579,M05,P00M05,P10M05,D04
72,2012-04-17,6500,6530,6300,6350,282904,M05,M00M05,S06M05,D04
73,2012-04-18,6450,6500,6310,6370,372680,M05,M00M05,M10M05,U04
74,2012-04-19,6270,6360,6200,6210,259054,M05,M00M05,M10M05,D04
75,2012-04-20,6160,6250,6010,6040,369757,M05,M00M05,M10M05,D04
76,2012-04-23,6090,6120,5930,5960,312025,M05,M00M05,M10M05,T01
77,2012-04-24,5860,5950,5750,5870,318817,K00,M00K00,M10K00,D04
78,2012-04-25,5980,5980,5820,5850,211672,M01,K00M01,S08M01,D04
79,2012-04-26,5950,6090,5810,5820,417083,M05,M00M05,S07M05,U04
80,2012-04-27,5940,5940,5690,5720,344306,M01,M00M01,M10M01,U04
81,2012-04-30,5740,5850,5580,5660,374912,M05,M00M05,M10M05,U04
82,2012-05-02,5660,5830,5660,5830,310176,P00,M00P00,M10P00,U02
83,2012-05-03,5870,5980,5820,5830,274768,M05,P00M05,S02M05,U04
84,2012-05-04,5830,5940,5750,5940,239722,P01,M00P01,S03P01,D04
85,2012-05-07,5890,5910,5800,5850,224269,M05,P00M05,S02M05,D04
86,2012-05-08,5870,6060,5870,6060,403765,P00,M00P00,S06P00,U01
87,2012-05-09,6050,6210,6010,6020,487239,M05,P00M05,S01M05,D04
88,2012-05-10,5960,6170,5910,6100,325577,P05,M00P05,S06P05,D04
89,2012-05-11,6100,6140,5900,5910,272792,M05,P00M05,S02M05,T01
90,2012-05-14,5910,5930,5650,5830,347720,M05,M00M05,S07M05,T01
91,2012-05-15,5680,5750,5580,5640,302196,M05,M00M05,M10M05,D04
92,2012-05-16,5600,5700,5300,5300,358891,M03,M00M03,M10M03,D04
93,2012-05-17,5300,5460,5300,5380,203090,P03,M00P03,M10P03,D04
94,2012-05-18,5200,5250,4950,4955,654383,M05,P00M05,S00M05,D04
95,2012-05-21,4990,5110,4960,5020,301112,P05,M00P05,S07P05,D04
96,2012-05-22,5150,5270,5100,5230,227236,P05,P00P05,S01P05,U04
97,2012-05-23,5190,5200,5050,5080,276342,M05,P00M05,P10M05,D04
98,2012-05-24,5090,5150,5070,5090,166392,K00,M00K00,S07K00,U04
99,2012-05-25,5110,5180,5090,5110,175642,K02,K00K02,M10K02,D04
100,2012-05-29,5110,5190,5070,5180,232827,P05,K00P05,S04P05,T01
101,2012-05-30,5250,5300,5160,5200,222774,M05,P00M05,P10M05,U04
102,2012-05-31,5140,5200,5070,5200,200270,P01,M00P01,S05P01,D04
103,2012-06-01,5240,5240,5140,5200,166670,M01,P00M01,S08M01,D04
104,2012-06-04,4990,5050,4895,4900,327401,M05,M00M05,S03M05,D04
105,2012-06-05,4900,5030,4900,4990,155147,P03,M00P03,M10P03,U04
106,2012-06-07,5150,5250,5110,5210,295113,P05,P00P05,S02P05,U04
107,2012-06-08,5250,5260,5090,5130,159052,M05,P00M05,P10M05,D04
108,2012-06-11,5240,5520,5200,5430,496014,P05,M00P05,S07P05,U04
109,2012-06-12,5300,5440,5300,5380,220431,P03,P00P03,S01P03,D04
110,2012-06-13,5510,5540,5340,5340,409730,M03,P00M03,P10M03,U04
111,2012-06-14,5270,5440,5200,5220,271687,M05,M00M05,S03M05,D04
112,2012-06-15,5270,5300,5150,5270,255306,K01,M00K01,M10K01,U04
113,2012-06-18,5400,5510,5360,5410,416854,K00,K00K00,S04K00,U04
114,2012-06-19,5430,5480,5360,5390,292566,M05,K00M05,P10M05,U04
115,2012-06-20,5460,5670,5400,5670,619425,P01,M00P01,S04P01,U04
116,2012-06-21,5660,5670,5560,5580,377590,M05,P00M05,S01M05,T01
117,2012-06-22,5450,5520,5410,5500,254482,P05,M00P05,S06P05,D04
118,2012-06-25,5560,5580,5430,5490,198088,M05,P00M05,S08M05,U04
119,2012-06-26,5400,5500,5400,5420,131955,K02,M00K02,S03K02,D04
120,2012-06-27,5480,5730,5360,5630,489646,P05,K00P05,S08P05,U04
121,2012-06-28,5630,5890,5630,5750,1034452,P03,P00P03,P10P03,U04
122,2012-06-29,5690,5790,5590,5710,392196,K00,P00K00,P10K00,D04
123,2012-07-02,5830,6020,5820,5830,619080,K02,K00K02,P10K02,U04
124,2012-07-03,5890,5920,5770,5850,479506,M05,K00M05,P10M05,U04
125,2012-07-04,5920,6020,5770,5770,409358,M03,M00M03,S05M03,U04
126,2012-07-05,5750,5800,5670,5700,358204,M05,M00M05,M10M05,U04
127,2012-07-06,5680,5740,5560,5620,347537,M05,M00M05,M10M05,T01
128,2012-07-09,5600,5800,5560,5800,317136,P01,M00P01,M10P01,D04
129,2012-07-10,5800,5840,5700,5700,270050,M03,P00M03,S02M03,T01
130,2012-07-11,5700,5750,5630,5700,175513,K00,M00K00,S03K00,D04
131,2012-07-12,5720,5740,5590,5590,265760,M03,K00M03,M10M03,D04
132,2012-07-13,5530,5580,5010,5410,470884,M05,M00M05,S07M05,D04
133,2012-07-16,5440,5490,5320,5320,231333,M03,M00M03,M10M03,U04
134,2012-07-17,5320,5450,5300,5370,186538,P05,M00P05,M10P05,D04
135,2012-07-18,5340,5440,5210,5220,330717,M05,P00M05,S00M05,U04
136,2012-07-19,5440,5440,5290,5300,175749,M01,M00M01,S07M01,U04
137,2012-07-20,5320,5380,5270,5300,147166,M05,M00M05,M10M05,U04
138,2012-07-23,5250,5260,5110,5180,204602,M05,M00M05,M10M05,D04
139,2012-07-24,5270,5500,5270,5420,568677,P03,M00P03,M10P03,D04
140,2012-07-25,5350,5460,5240,5380,290476,P05,P00P05,S01P05,D04
141,2012-07-26,5350,5450,5290,5300,276209,M05,P00M05,P10M05,D04
142,2012-07-27,5430,5670,5340,5630,721114,P05,M00P05,S07P05,U04
143,2012-07-30,5750,5860,5660,5780,787687,P05,P00P05,S01P05,U04
144,2012-07-31,5750,5850,5670,5850,416801,P01,P00P01,P10P01,D04
145,2012-08-01,5810,5830,5760,5770,201691,M05,P00M05,P10M05,T01
146,2012-08-02,5810,5890,5740,5770,249882,M05,M00M05,S06M05,D04
147,2012-08-03,5670,5790,5650,5680,196198,K02,M00K02,S04K02,D04
148,2012-08-06,5810,6190,5760,6080,1924332,P05,K00P05,S08P05,U04
149,2012-08-07,6110,6350,6030,6290,1500160,P05,P00P05,P10P05,U04
150,2012-08-08,6390,6430,6260,6280,1085573,M05,P00M05,P10M05,U04
151,2012-08-09,6350,6350,6240,6280,512027,M01,M00M01,S03M01,T01
152,2012-08-10,6280,6390,6210,6240,485479,M05,M00M05,M10M05,U03
153,2012-08-13,6250,6790,6250,6700,2027691,P03,M00P03,M10P03,U01
154,2012-08-14,6720,6850,6620,6650,1148754,M05,P00M05,S01M05,U01
155,2012-08-16,6690,6980,6520,6800,1496773,P05,M00P05,S03P05,U04
156,2012-08-17,6850,6920,6760,6800,607013,M05,P00M05,S01M05,U04
157,2012-08-20,6770,6880,6760,6760,485836,M04,M00M04,S03M04,U04
158,2012-08-21,6760,6850,6580,6590,908187,M05,M00M05,M10M05,T01
159,2012-08-22,6640,6760,6560,6600,708950,M05,M00M05,M10M05,D04
160,2012-08-23,6620,6690,6520,6610,565880,M05,M00M05,M10M05,U03
161,2012-08-24,6620,6850,6540,6620,933525,K00,M00K00,S04K00,D04
162,2012-08-27,6540,6580,6360,6400,734166,M05,K00M05,S04M05,U04
163,2012-08-28,6420,6530,6370,6520,471910,P05,M00P05,S07P05,U02
164,2012-08-29,6610,6620,6530,6550,372088,M05,P00M05,S01M05,U02
165,2012-08-30,6510,6570,6380,6380,439077,M03,M00M03,S05M03,U02
166,2012-08-31,6400,6860,6400,6830,1714743,P03,M00P03,M10P03,D04
167,2012-09-03,6940,7070,6830,6850,1370074,M05,P00M05,S01M05,D04
168,2012-09-04,6850,6980,6700,6720,758752,M05,M00M05,S05M05,U04
169,2012-09-05,6750,6820,6640,6660,526235,M05,M00M05,M10M05,U03
170,2012-09-06,6800,7080,6720,6950,1472335,P05,M00P05,M10P05,T01
171,2012-09-07,7040,7060,6820,6860,1229564,M05,P00M05,S01M05,U04
172,2012-09-10,6970,7050,6900,6980,865789,K00,M00K00,S03K00,T01
173,2012-09-11,7010,7220,6940,6990,1595149,M05,K00M05,S01M05,D04
174,2012-09-12,7050,7250,7030,7220,1733314,P05,M00P05,S04P05,T01
175,2012-09-13,7260,7440,7150,7410,1575614,P05,P00P05,S01P05,U04
176,2012-09-14,7500,7540,7300,7410,1166554,M05,P00M05,P10M05,U04
177,2012-09-17,7450,7470,7280,7380,828001,M05,M00M05,S03M05,U04
178,2012-09-18,7410,7480,7320,7340,674358,M05,M00M05,M10M05,T01
179,2012-09-19,7350,7470,7270,7430,704675,P05,M00P05,M10P05,T01
180,2012-09-20,7490,7510,7250,7280,679933,M05,P00M05,S01M05,U02
181,2012-09-21,7310,7420,7160,7210,706694,M05,M00M05,S07M05,T01
182,2012-09-24,7210,7260,7100,7200,468987,M05,M00M05,M10M05,U02
183,2012-09-25,7210,7250,7080,7090,515486,M05,M00M05,M10M05,D04
184,2012-09-26,7070,7350,7060,7330,739693,P05,M00P05,M10P05,D04
185,2012-09-27,7290,7640,7250,7560,1678479,P05,P00P05,S02P05,D04
186,2012-09-28,7630,7650,7390,7390,800521,M03,P00M03,P10M03,U04
187,2012-10-02,7420,7480,7260,7310,408307,M05,M00M05,S03M05,T01
188,2012-10-04,7330,7400,7270,7370,394374,P05,M00P05,M10P05,U04
189,2012-10-05,7410,7490,7360,7390,436853,M05,P00M05,S01M05,U04
190,2012-10-08,7410,7470,7070,7070,850127,M03,M00M03,S05M03,D04
191,2012-10-09,7050,7230,6900,7030,829543,M05,M00M05,M10M05,D04
192,2012-10-10,7020,7110,6720,6760,846574,M05,M00M05,M10M05,D04
193,2012-10-11,6740,6960,6700,6910,468011,P05,M00P05,M10P05,D04
194,2012-10-12,6910,6970,6830,6850,274225,M05,P00M05,S00M05,T01
195,2012-10-15,7100,7130,6800,6910,640355,M05,M00M05,S03M05,T01
196,2012-10-16,7020,7190,6910,7190,773938,P01,M00P01,M10P01,U04
197,2012-10-17,7230,7270,7140,7190,632316,M05,P00M05,S01M05,U04
198,2012-10-18,7230,7240,6880,6880,533923,M03,M00M03,S03M03,U02
199,2012-10-19,6850,6990,6800,6820,353824,M05,M00M05,M10M05,D04
200,2012-10-22,6750,6980,6620,6980,378413,P01,M00P01,M10P01,D04
201,2012-10-23,6990,7050,6890,6970,335314,M05,P00M05,S02M05,U04
202,2012-10-24,6870,7300,6870,7300,747439,P00,M00P00,S03P00,D04
203,2012-10-25,7400,7620,7340,7440,1824887,P05,P00P05,S02P05,D04
204,2012-10-26,7490,7490,7090,7160,811884,M01,P00M01,P10M01,U02
205,2012-10-29,7230,7390,6980,6990,764911,M05,M00M05,S07M05,U02
206,2012-10-30,6950,7330,6950,7200,942885,P03,M00P03,M10P03,U02
207,2012-10-31,7320,7460,7220,7250,1114534,M05,P00M05,S00M05,U01
208,2012-11-01,7330,7370,7200,7280,593782,M05,M00M05,S05M05,D04
209,2012-11-02,7390,7660,7370,7660,2233648,P01,M00P01,M10P01,U04
210,2012-11-05,7600,7640,7380,7390,1385254,M05,P00M05,S01M05,D04
211,2012-11-06,7430,7460,7240,7270,992073,M05,M00M05,S07M05,U04
212,2012-11-07,7320,7400,7180,7400,654558,P01,M00P01,M10P01,U04
213,2012-11-08,7220,7570,7170,7560,1047674,P05,P00P05,S01P05,D04
214,2012-11-09,7510,7850,7380,7760,2411568,P05,P00P05,P10P05,D04
215,2012-11-12,7900,8090,7780,7780,2711634,M03,P00M03,P10M03,U04
216,2012-11-13,7830,7980,7670,7880,1351196,P05,M00P05,S05P05,T01
217,2012-11-14,7950,8300,7900,8080,3895979,P05,P00P05,S01P05,D04
218,2012-11-15,7950,8210,7140,7500,2986225,M05,P00M05,P10M05,D04
219,2012-11-16,7670,7830,7300,7450,1876692,M05,M00M05,S07M05,D04
220,2012-11-19,7500,7940,7500,7800,1625799,P03,M00P03,M10P03,U04
221,2012-11-20,8070,8070,7850,7950,1259005,M01,P00M01,S01M01,U04
222,2012-11-21,7940,8200,7840,8110,1702367,P05,M00P05,S05P05,T01
223,2012-11-22,8250,8430,8150,8400,2223191,P05,P00P05,S02P05,T01
224,2012-11-23,8520,8570,8230,8400,1477954,M05,P00M05,P10M05,U04
225,2012-11-26,8450,8470,8050,8100,1422787,M05,M00M05,S03M05,U04
226,2012-11-27,8150,8380,7890,7980,1546994,M05,M00M05,M10M05,U04
227,2012-11-28,7910,8130,7820,8080,1134195,P05,M00P05,M10P05,D04
228,2012-11-29,8140,8180,7860,7890,1208788,M05,P00M05,S00M05,U04
229,2012-11-30,7860,8010,7620,7620,1382698,M03,M00M03,S07M03,U04
230,2012-12-03,7550,7790,7460,7700,1635220,P05,M00P05,M10P05,T01
231,2012-12-04,7650,7830,7630,7720,1267829,P05,P00P05,S00P05,T01
232,2012-12-05,7760,7760,7470,7500,1421181,M01,P00M01,P10M01,T01
233,2012-12-06,7580,7740,7500,7510,1321997,M05,M00M05,S07M05,D04
234,2012-12-07,7530,7730,7210,7380,2122436,M05,M00M05,M10M05,U04
235,2012-12-10,7380,7420,7160,7190,1358375,M05,M00M05,M10M05,D04
236,2012-12-11,7250,7370,7220,7330,818651,P05,M00P05,M10P05,U04
237,2012-12-12,7350,7370,7080,7080,927518,M03,P00M03,S01M03,U04
238,2012-12-13,7020,7220,7020,7150,783919,P03,M00P03,S07P03,D04
239,2012-12-14,7100,7250,6780,6780,2229740,M03,P00M03,S00M03,D04
240,2012-12-17,6790,6890,6690,6830,1229020,P05,M00P05,S07P05,D04
241,2012-12-18,6890,6930,6540,6570,1528511,M05,P00M05,S01M05,U04
242,2012-12-20,6590,6690,6470,6470,845572,M03,M00M03,S07M03,D04
243,2012-12-21,6460,6590,6340,6380,929304,M05,M00M05,M10M05,U03
244,2012-12-24,6440,6870,6400,6860,1475032,P05,M00P05,M10P05,D04
245,2012-12-26,6950,7060,6850,6880,1091658,M05,P00M05,S01M05,D04
246,2012-12-27,6880,7050,6880,7020,796261,P03,M00P03,S05P03,D04
247,2012-12-28,7050,7060,6940,7020,520230,M05,P00M05,S02M05,T01
248,2013-01-02,7090,7230,7010,7150,703475,P05,M00P05,S03P05,U04
249,2013-01-03,7210,7250,7070,7080,624974,M05,P00M05,S01M05,U04
250,2013-01-04,7120,7180,6970,7070,664745,M05,M00M05,S07M05,D04
251,2013-01-07,7140,7440,7120,7370,1549024,P05,M00P05,M10P05,U01
252,2013-01-08,7310,7380,7070,7070,1370530,M03,P00M03,S01M03,T01
253,2013-01-09,7130,7280,7070,7160,867828,K00,M00K00,S07K00,T01
254,2013-01-10,7180,7370,7170,7220,801833,P05,K00P05,S01P05,U04
255,2013-01-11,7270,7280,7080,7090,771706,M05,P00M05,P10M05,U04
256,2013-01-14,7140,7170,7010,7040,514598,M05,M00M05,S07M05,U02
257,2013-01-15,7090,7220,6910,6910,641190,M03,M00M03,M10M03,T01
258,2013-01-16,6920,7060,6780,6810,716768,M05,M00M05,M10M05,T01
259,2013-01-17,6800,6880,6760,6840,711518,P05,M00P05,M10P05,U03
260,2013-01-18,6940,7710,6930,7620,3722999,P05,P00P05,S00P05,U04
261,2013-01-21,7770,8090,7760,7990,4120645,P05,P00P05,P10P05,U04
262,2013-01-22,7900,8060,7860,8010,1646187,P05,P00P05,P10P05,T01
263,2013-01-23,8040,8400,7950,8250,3850837,P05,P00P05,P10P05,U03
264,2013-01-24,8340,8380,8170,8210,2094636,M05,P00M05,P10M05,U04
265,2013-01-25,8320,8440,7960,8130,2520178,M05,M00M05,S03M05,D04
266,2013-01-28,8150,8260,7870,8240,1561562,P05,M00P05,M10P05,U04
267,2013-01-29,8340,8640,8220,8490,3266769,P05,P00P05,S01P05,U02
268,2013-01-30,8400,8460,7970,7970,2392916,M03,P00M03,P10M03,T01
269,2013-01-31,7960,8240,7950,8180,1325976,P05,M00P05,S07P05,D04
270,2013-02-01,8130,8170,7880,7940,1406829,M05,P00M05,S00M05,T01
271,2013-02-04,8000,8000,7760,7780,1076244,M01,M00M01,S07M01,U04
272,2013-02-05,7790,8030,7750,7850,1403922,P05,M00P05,M10P05,D04
273,2013-02-06,7900,7990,7800,7830,935920,M05,P00M05,S01M05,U04
274,2013-02-07,7890,8030,7800,7850,939680,M05,M00M05,S03M05,T01
275,2013-02-08,7920,8160,7850,8120,1462078,P05,M00P05,S04P05,T01
276,2013-02-12,8190,8360,8120,8180,1806317,M05,P00M05,S01M05,T01
277,2013-02-13,8290,8310,8150,8160,1276020,M05,M00M05,S05M05,T01
278,2013-02-14,8220,8370,8170,8360,1424636,P05,M00P05,M10P05,U04
279,2013-02-15,8390,8450,8270,8360,1215027,M05,P00M05,S01M05,U01
280,2013-02-18,8440,8550,8230,8280,1773380,M05,M00M05,S03M05,U01
281,2013-02-19,8230,8630,8210,8510,3534676,P05,M00P05,M10P05,T01
282,2013-02-20,8490,8560,8440,8480,1321971,M05,P00M05,S02M05,U04
283,2013-02-21,8470,8930,8440,8560,3349826,P05,M00P05,S06P05,D04
284,2013-02-22,8650,8710,8300,8360,1935463,M05,P00M05,S02M05,D04
285,2013-02-25,8390,8470,8200,8210,1283844,M05,M00M05,S07M05,U04
286,2013-02-26,8150,8320,8120,8260,866738,P05,M00P05,M10P05,D04
287,2013-02-27,8270,8460,8210,8410,1447755,P05,P00P05,S00P05,U04
288,2013-02-28,8500,8500,8260,8290,1159821,M01,P00M01,P10M01,U04
289,2013-03-04,8350,8720,8310,8650,2692225,P05,M00P05,S03P05,U04
290,2013-03-05,8720,8860,8590,8660,1844488,M05,P00M05,S01M05,U04
291,2013-03-06,8760,8940,8660,8930,2838833,P05,M00P05,S05P05,U04
292,2013-03-07,9050,9060,8810,8890,2023400,M05,P00M05,S01M05,T01
293,2013-03-08,8920,8970,8830,8850,1220590,M05,M00M05,S03M05,U04
294,2013-03-11,8940,8940,8620,8920,1609588,M02,M00M02,M10M02,U04
295,2013-03-12,8970,9110,8920,8940,1102609,M05,M00M05,M10M05,U03
296,2013-03-13,8910,9290,8900,9050,2791406,P05,M00P05,S04P05,D04
297,2013-03-14,9150,9550,9070,9550,2682464,P01,P00P01,S02P01,U01
298,2013-03-15,9660,9950,9530,9740,3519995,P05,P00P05,P10P05,U04
299,2013-03-18,9700,9920,9500,9550,2249398,M05,P00M05,P10M05,D04
300,2013-03-19,9680,9940,9670,9710,1969927,K02,M00K02,S07K02,D04
301,2013-03-20,9560,9720,9430,9570,1965874,K00,K00K00,S01K00,T01
302,2013-03-21,9670,9850,9620,9820,1522697,P05,K00P05,P10P05,U04
303,2013-03-22,9730,10050,9710,9900,2133657,P05,P00P05,P10P05,D04
304,2013-03-25,9910,9940,9240,9400,3282212,M05,P00M05,P10M05,U04
305,2013-03-26,9470,9620,9130,9330,2952139,M05,M00M05,S07M05,D04
306,2013-03-27,9400,9550,9160,9500,1633114,P05,M00P05,M10P05,U04
307,2013-03-28,9540,9660,9340,9350,1356042,M05,P00M05,S01M05,U02
308,2013-03-29,9430,9470,9050,9070,2734510,M05,M00M05,S07M05,U02
309,2013-04-01,9080,9190,8950,8990,1665417,M05,M00M05,M10M05,U04
310,2013-04-02,9050,9300,9050,9120,1577324,P04,M00P04,M10P04,D04
311,2013-04-03,9240,9560,9170,9530,2454087,P05,P00P05,S01P05,U04
312,2013-04-04,9380,9480,8770,9230,2538706,M05,P00M05,P10M05,D04
313,2013-04-05,9220,9280,8740,8820,2084319,M05,M00M05,S07M05,U03
314,2013-04-08,8800,8850,8320,8320,1997712,M03,M00M03,M10M03,D04
315,2013-04-09,8120,8500,8080,8400,1846128,P05,M00P05,M10P05,U04
316,2013-04-10,8490,8520,8380,8440,697334,M05,P00M05,S00M05,U04
317,2013-04-11,8570,8820,8530,8770,1296827,P05,M00P05,S05P05,U04
318,2013-04-12,8860,8930,8700,8720,1089759,M05,P00M05,S01M05,U01
319,2013-04-15,8720,8860,8680,8860,828426,P01,M00P01,S03P01,T01
320,2013-04-16,8720,8930,8700,8790,966401,P05,P00P05,S02P05,D04
321,2013-04-17,8920,9280,8900,9250,2848494,P05,P00P05,P10P05,U04
322,2013-04-18,9200,9240,8930,8940,1594036,M05,P00M05,P10M05,D04
323,2013-04-19,8860,9000,8600,8650,1379542,M05,M00M05,S06M05,D04
324,2013-04-22,8800,9390,8790,9390,2264864,P01,M00P01,M10P01,U04
325,2013-04-23,9400,9520,9300,9450,1755319,P05,P00P05,S01P05,U04
326,2013-04-24,9630,9650,9420,9550,2559612,M05,P00M05,P10M05,U04
327,2013-04-25,9570,9630,9270,9390,1801838,M05,M00M05,S05M05,T01
328,2013-04-26,9550,9730,9390,9390,2508834,M03,M00M03,M10M03,U04
329,2013-04-29,9380,9470,9290,9300,964541,M05,M00M05,M10M05,D04
330,2013-04-30,9400,9570,9270,9320,1848904,M05,M00M05,M10M05,U04
331,2013-05-02,9250,9380,9060,9160,945674,M05,M00M05,M10M05,D04
332,2013-05-03,9210,9300,9040,9200,1112047,M05,M00M05,M10M05,U04
333,2013-05-06,9300,9340,9080,9110,982541,M05,M00M05,S04M05,U04
334,2013-05-07,9150,9390,9060,9390,1559489,P01,M00P01,M10P01,U04
335,2013-05-08,9450,9450,9310,9360,972435,M01,P00M01,S01M01,U02
336,2013-05-09,9450,9700,9440,9460,2698957,K02,M00K02,S03K02,U04
337,2013-05-10,9520,9550,9280,9300,1267105,M05,K00M05,S01M05,T01
338,2013-05-13,9420,9720,9420,9700,2578455,P03,M00P03,S07P03,U04
339,2013-05-14,9790,9900,9450,9900,3402325,P02,P00P02,S01P02,U01
340,2013-05-15,9850,10350,9770,10300,4910351,P05,P00P05,P10P05,U04
341,2013-05-16,10450,11100,10400,10900,6583405,P05,P00P05,P10P05,U03
342,2013-05-20,11000,11200,10750,10900,3042081,M05,P00M05,P10M05,U04
343,2013-05-21,11000,11550,10900,11500,3394715,P05,M00P05,S03P05,T01
344,2013-05-22,11550,11600,11150,11200,2193270,M05,P00M05,S01M05,U02
345,2013-05-23,11200,11700,11000,11450,2339644,P05,M00P05,S03P05,D04
346,2013-05-24,11550,11750,11250,11400,1373076,M05,P00M05,S00M05,T01
347,2013-05-27,11400,11750,11200,11750,1828574,P01,M00P01,S03P01,T01
348,2013-05-28,11800,12100,11650,12050,2127504,P05,P00P05,S02P05,T01
349,2013-05-29,12100,12200,11850,12200,1775922,P02,P00P02,P10P02,U04
350,2013-05-30,12050,12100,11100,11200,4070129,M05,P00M05,P10M05,D04
351,2013-05-31,11200,11400,10750,11400,4167017,P02,M00P02,S07P02,U04
352,2013-06-03,11150,11450,11000,11000,1152210,M04,P00M04,S00M04,D04
353,2013-06-04,11200,11750,11100,11650,3061448,P05,M00P05,S07P05,U03
354,2013-06-05,11650,11850,11150,11300,2243882,M05,P00M05,S01M05,D04
355,2013-06-07,11400,11700,11050,11150,2332979,M05,M00M05,S03M05,U04
356,2013-06-10,11250,11750,11200,11650,2667421,P05,M00P05,M10P05,U04
357,2013-06-11,11550,11950,11300,11850,2677941,P05,P00P05,S01P05,U02
358,2013-06-12,11700,11900,11500,11500,1476584,M03,P00M03,P10M03,D04
359,2013-06-13,11350,11600,10900,11150,2143927,M05,M00M05,S07M05,D04
360,2013-06-14,11350,11450,10500,10550,2553025,M05,M00M05,M10M05,U04
361,2013-06-17,10550,10850,10350,10700,1899100,P05,M00P05,M10P05,D04
362,2013-06-18,10800,11050,10500,10950,1336509,P05,P00P05,S00P05,U04
363,2013-06-19,11000,11400,10850,11050,1975621,K00,P00K00,P10K00,U04
364,2013-06-20,10800,11400,10700,11250,2273978,P05,K00P05,P10P05,D04
365,2013-06-21,11000,11150,10800,11100,1669687,P05,P00P05,P10P05,D04
366,2013-06-24,11100,11300,10150,10200,1986991,M05,P00M05,P10M05,T01
367,2013-06-25,10200,10400,9230,9530,3798591,M05,M00M05,S07M05,D04
368,2013-06-26,9850,10100,9240,9600,3781629,M05,M00M05,M10M05,U04
369,2013-06-27,9820,10300,9800,10300,2520175,P01,M00P01,M10P01,U04
370,2013-06-28,10500,10500,10100,10200,1449202,M01,P00M01,S01M01,U04
371,2013-07-01,10100,10300,10100,10200,948595,P03,M00P03,S03P03,U01
372,2013-07-02,10500,10550,9980,10000,1861616,M05,P00M05,S08M05,U04
373,2013-07-03,9980,10150,9760,9960,2060395,M05,M00M05,S07M05,T01
374,2013-07-04,10100,10200,9840,10050,1041824,M05,M00M05,M10M05,T01
375,2013-07-05,10100,10150,9690,9720,1433637,M05,M00M05,M10M05,U04
376,2013-07-08,9670,9800,9320,9320,1684028,M03,M00M03,M10M03,U04
377,2013-07-09,9400,9720,9400,9660,2065942,P03,M00P03,M10P03,U02
378,2013-07-10,9590,9680,8230,8300,8419380,M15,P00M15,S01M15,U04
379,2013-07-11,8490,9240,8450,9010,9205348,P05,M10P05,S07P05,U04
380,2013-07-12,9260,9290,9090,9110,2173903,M05,P00M05,S01M05,U04
381,2013-07-15,9140,9280,8740,9130,2440502,M05,M00M05,S05M05,U04
382,2013-07-16,9180,10400,9030,10200,7208699,P15,M00P15,M10P15,U03
383,2013-07-17,10250,10650,10000,10050,5218773,M05,P10M05,S01M05,T01
384,2013-07-18,9970,10250,9850,10000,2619852,K00,M00K00,S03K00,U04
385,2013-07-19,10100,10450,10000,10000,3074462,M04,K00M04,S08M04,U01
386,2013-07-22,10000,10150,9760,9790,1979131,M05,M00M05,S03M05,D04
387,2013-07-23,9790,10100,9740,9820,1985178,K02,M00K02,M10K02,U04
388,2013-07-24,9920,10200,9910,10050,1929734,P05,K00P05,S00P05,D04
389,2013-07-25,10100,10200,9920,9920,1209408,M03,P00M03,P10M03,T01
390,2013-07-26,9850,10050,9810,9830,1048903,M05,M00M05,S07M05,U04
391,2013-07-29,9940,10100,9770,9780,1313300,M05,M00M05,M10M05,U03
392,2013-07-30,9910,10050,9860,10000,1662940,P05,M00P05,M10P05,D04
393,2013-07-31,10050,10400,10000,10350,2731058,P05,P00P05,S01P05,U04
394,2013-08-01,10450,10850,10350,10650,3404542,P05,P00P05,P10P05,U03
395,2013-08-02,10800,10850,10500,10600,1155056,M05,P00M05,P10M05,U04
396,2013-08-05,10650,10750,10450,10550,971772,M05,M00M05,S03M05,U04
397,2013-08-06,10600,10700,10050,10150,2151268,M05,M00M05,M10M05,U01
398,2013-08-07,10250,10600,10200,10500,1918483,P05,M00P05,M10P05,D04
399,2013-08-08,10550,10600,10200,10300,1452294,M05,P00M05,S01M05,D04
400,2013-08-09,10300,10400,10050,10050,1128296,M03,M00M03,S03M03,U04
401,2013-08-12,10100,10300,9860,10000,1347493,M05,M00M05,M10M05,T01
402,2013-08-13,10000,10350,9970,10150,1697558,P05,M00P05,M10P05,U03
403,2013-08-14,10150,10700,10100,10700,3551231,P01,P00P01,S02P01,U04
404,2013-08-16,10500,10750,10400,10500,1726184,K00,P00K00,P10K00,D04
405,2013-08-19,10500,10500,10250,10300,949145,M01,K00M01,P10M01,T01
406,2013-08-20,10250,10800,9990,10100,3507806,M05,M00M05,S07M05,D04
407,2013-08-21,10150,10250,9580,9870,2814254,M05,M00M05,M10M05,U04
408,2013-08-22,9690,9750,9250,9250,1868646,M03,M00M03,M10M03,D04
409,2013-08-23,9420,9870,9410,9780,1632396,P05,M00P05,M10P05,U04
410,2013-08-26,9740,9940,9700,9710,1016466,M05,P00M05,S01M05,U04
411,2013-08-27,9740,9880,9520,9600,744826,M05,M00M05,S06M05,T01
412,2013-08-28,9270,9440,9070,9230,1966070,M05,M00M05,M10M05,D04
413,2013-08-29,9410,9550,9070,9110,2076109,M05,M00M05,M10M05,U04
414,2013-08-30,9190,9190,8500,8580,3946122,M01,M00M01,M10M01,U04
415,2013-09-02,8460,8680,8440,8650,2076234,P05,M00P05,M10P05,U04
416,2013-09-03,8660,8770,8610,8710,1152240,P05,P00P05,S00P05,D04
417,2013-09-04,8750,8790,8500,8500,1329736,M03,P00M03,P10M03,U04
418,2013-09-05,8600,8810,8560,8600,2499142,K02,M00K02,S07K02,U04
419,2013-09-06,8600,8680,8230,8300,2024350,M05,K00M05,M10M05,U03
420,2013-09-09,8370,8450,8300,8320,1096946,M05,M00M05,S07M05,T01
421,2013-09-10,8340,8460,8100,8150,1628358,M05,M00M05,M10M05,U04
422,2013-09-11,8230,8400,8170,8350,1578479,P05,M00P05,M10P05,U04
423,2013-09-12,8350,8450,8130,8210,1457590,M05,P00M05,S01M05,T01
424,2013-09-13,8160,8320,8040,8180,2207618,K00,M00K00,S07K00,T01
425,2013-09-16,8220,8290,8110,8180,738176,M05,K00M05,S08M05,U03
426,2013-09-17,8250,8530,8230,8350,2531489,P05,M00P05,S04P05,T01
427,2013-09-23,8380,8670,8300,8590,2302239,P05,P00P05,S01P05,D04
428,2013-09-24,8560,8690,8470,8660,1660045,P05,P00P05,P10P05,T01
429,2013-09-25,8690,8810,8610,8630,1634410,M05,P00M05,P10M05,U01
430,2013-09-26,8700,9290,8690,9050,5451060,P05,M00P05,S03P05,T01
431,2013-09-27,9110,9220,9020,9040,1728357,M05,P00M05,S01M05,U04
432,2013-09-30,8950,9100,8850,8850,1229186,M03,M00M03,S03M03,T01
433,2013-10-01,8800,9060,8600,8680,1403350,M05,M00M05,M10M05,T01
434,2013-10-02,8990,9050,8920,8930,1839920,M05,M00M05,M10M05,U04
435,2013-10-04,9070,9190,8850,8860,2009428,M05,M00M05,M10M05,D04
436,2013-10-07,8910,8920,8670,8700,1001993,M05,M00M05,M10M05,U04
437,2013-10-08,8740,8750,8510,8630,1024297,M05,M00M05,M10M05,D04
438,2013-10-10,8720,8960,8720,8900,1573460,P03,M00P03,M10P03,D04
439,2013-10-11,9010,9090,8920,8920,1264354,M03,P00M03,S01M03,U04
440,2013-10-14,9130,9140,8930,8930,1099572,M03,M00M03,S05M03,U04
441,2013-10-15,8980,9060,8770,8780,1482857,M05,M00M05,M10M05,U04
442,2013-10-16,8830,8880,8700,8720,839657,M05,M00M05,M10M05,D04
443,2013-10-17,8810,8880,8430,8450,1435589,M05,M00M05,M10M05,U04
444,2013-10-18,8450,8570,8410,8550,820575,P05,M00P05,M10P05,U04
445,2013-10-21,8730,8830,8670,8740,1129848,K00,P00K00,S00K00,U04
446,2013-10-22,8610,8790,8610,8750,573999,P03,K00P03,P10P03,U02
447,2013-10-23,8770,8840,8550,8550,842337,M03,P00M03,P10M03,U03
448,2013-10-24,8510,8640,8450,8640,808606,P01,M00P01,S07P01,D04
449,2013-10-25,8660,8970,8580,8970,1627631,P01,P00P01,S00P01,U04
450,2013-10-28,9040,9060,8860,8970,1323805,M05,P00M05,P10M05,U04
451,2013-10-29,9000,9040,8860,8890,916785,M05,M00M05,S03M05,T01
452,2013-10-30,8970,9540,8930,9520,5065103,P05,M00P05,M10P05,U04
453,2013-10-31,9600,9950,9520,9530,5132929,M05,P00M05,S01M05,D04
454,2013-11-01,9530,9750,9410,9720,2108655,P05,M00P05,S05P05,D04
455,2013-11-04,9880,9890,9630,9660,1819159,M05,P00M05,S02M05,U01
456,2013-11-05,9570,9690,9260,9270,2031638,M05,M00M05,S03M05,U04
457,2013-11-06,9250,9520,9250,9280,1584341,K02,M00K02,M10K02,U01
458,2013-11-07,9340,9370,9070,9150,1414829,M05,K00M05,S00M05,T01
459,2013-11-08,9070,9470,9000,9470,1506483,P01,M00P01,S07P01,D04
460,2013-11-11,9420,9460,9030,9070,1244265,M05,P00M05,S02M05,U04
461,2013-11-12,9090,9330,9090,9190,1057561,P03,M00P03,S07P03,T01
462,2013-11-13,9190,9410,9120,9190,1061829,K02,P00K02,S01K02,T01
463,2013-11-14,9320,9500,9230,9460,1076868,P05,K00P05,P10P05,U04
464,2013-11-15,9490,9500,9330,9360,938448,M05,P00M05,P10M05,U03
465,2013-11-18,9440,9450,9060,9060,981674,M03,M00M03,S03M03,U04
466,2013-11-19,9050,9110,8730,8950,1462200,M05,M00M05,M10M05,D04
467,2013-11-20,8940,8990,8670,8700,1150821,M05,M00M05,M10M05,D04
468,2013-11-21,8630,8830,8620,8770,801003,P05,M00P05,M10P05,T01
469,2013-11-22,8830,8880,8730,8820,616937,M05,P00M05,S00M05,U04
470,2013-11-25,8870,9080,8840,9040,677618,P05,M00P05,S05P05,U04
471,2013-11-26,9040,9180,8940,9070,713586,K00,P00K00,S01K00,U01
472,2013-11-27,9020,9140,9000,9090,586099,P05,K00P05,P10P05,U04
473,2013-11-28,9110,9210,9110,9120,653367,K02,P00K02,S04K02,U04
474,2013-11-29,9130,9180,9030,9030,628004,M03,K00M03,P10M03,U04
475,2013-12-02,9120,9290,9110,9250,927919,P05,M00P05,S07P05,U04
476,2013-12-03,9220,9330,9170,9230,728934,K00,P00K00,S01K00,D04
477,2013-12-04,9220,9340,9160,9190,669545,M05,K00M05,P10M05,T01
478,2013-12-05,9230,9270,9130,9130,451447,M03,M00M03,S04M03,T01
479,2013-12-06,9130,9320,9120,9300,869016,P05,M00P05,M10P05,T01
480,2013-12-09,9390,9450,9180,9190,851228,M05,P00M05,S02M05,U04
481,2013-12-10,9250,9380,9170,9380,1175086,P01,M00P01,S03P01,U02
482,2013-12-11,9300,9430,9200,9250,893018,M05,P00M05,S01M05,T01
483,2013-12-12,9200,9320,9150,9200,491820,K00,M00K00,S07K00,D04
484,2013-12-13,9170,9230,8950,9060,727196,M05,K00M05,M10M05,T01
485,2013-12-16,9110,9340,9110,9190,797495,P03,M00P03,S07P03,U01
486,2013-12-17,9310,9430,9240,9270,922943,M05,P00M05,S01M05,U04
487,2013-12-18,9380,9540,9320,9340,1260064,M05,M00M05,S05M05,T01
488,2013-12-19,9460,9490,9260,9340,829825,M05,M00M05,M10M05,U04
489,2013-12-20,9400,9490,9340,9480,734542,P05,M00P05,M10P05,D04
490,2013-12-23,9550,9650,9420,9420,868219,M03,P00M03,S01M03,U04
491,2013-12-24,9460,9510,9280,9400,692266,M05,M00M05,S03M05,U04
492,2013-12-26,9470,9480,9260,9260,611562,M03,M00M03,M10M03,U02
493,2013-12-27,9220,9500,9210,9480,638989,P05,M00P05,M10P05,U04
494,2013-12-30,9710,10100,9680,10100,4338998,P01,P00P01,S02P01,T01
495,2014-01-02,10050,10100,9920,9960,1688420,M05,P00M05,P10M05,U04
496,2014-01-03,9990,10450,9980,10300,3145495,P05,M00P05,S06P05,D04
497,2014-01-06,10350,10400,10150,10350,1384670,K01,P00K01,S01K01,T01
498,2014-01-07,10400,10600,10300,10350,1742074,M05,K00M05,P10M05,D04
499,2014-01-08,10450,10550,10250,10300,1446322,M05,M00M05,S04M05,U04
500,2014-01-09,10450,10800,10400,10600,2449434,P05,M00P05,M10P05,U04
501,2014-01-10,10600,10750,10300,10500,1796242,M05,P00M05,S01M05,T01
502,2014-01-13,10600,10650,10350,10450,1177428,M05,M00M05,S03M05,U04
503,2014-01-14,10350,10500,10200,10250,1496347,M05,M00M05,M10M05,D04
504,2014-01-15,10400,10850,10350,10750,2874583,P05,M00P05,M10P05,U04
505,2014-01-16,10850,11000,10750,10950,1674506,P05,P00P05,S01P05,U04
506,2014-01-17,10950,11000,10700,10850,919288,M05,P00M05,P10M05,U01
507,2014-01-20,10850,11250,10750,11000,2586739,P05,M00P05,S04P05,U01
508,2014-01-21,11100,11150,10900,11000,1288927,M05,P00M05,S02M05,D04
509,2014-01-22,11050,11200,10800,11050,1159084,K00,M00K00,S03K00,U04
510,2014-01-23,11150,11400,11100,11350,2047781,P05,K00P05,S04P05,U04
511,2014-01-24,11250,11550,11200,11400,1495928,P05,P00P05,P10P05,D04
512,2014-01-27,11050,11350,10800,11200,1924932,P05,P00P05,P10P05,D04
513,2014-01-28,11250,11350,10900,11200,1325049,M05,P00M05,P10M05,D04
514,2014-01-29,11300,11350,11100,11200,1046981,M05,M00M05,S03M05,U04
515,2014-02-03,11100,11350,11000,11250,893805,P05,M00P05,S04P05,D04
516,2014-02-04,11050,11200,10950,11200,889434,P01,P00P01,S00P01,D04
517,2014-02-05,11300,11350,11050,11100,721607,M05,P00M05,P10M05,U04
518,2014-02-06,11150,11200,11000,11000,850483,M03,M00M03,S03M03,D04
519,2014-02-07,11200,11450,11100,11400,1772220,P05,M00P05,M10P05,U04
520,2014-02-10,11550,11800,11500,11750,1561920,P05,P00P05,S01P05,U04
521,2014-02-11,11700,11750,11550,11600,744990,M05,P00M05,P10M05,U04
522,2014-02-12,11600,11700,11450,11550,663843,M05,M00M05,S06M05,U04
523,2014-02-13,11550,11600,11350,11500,921924,M05,M00M05,M10M05,U03
524,2014-02-14,11550,12000,11550,11850,2154411,P03,M00P03,S04P03,U04
525,2014-02-17,11950,11950,11700,11900,874508,M02,P00M02,S01M02,U04
526,2014-02-18,11850,11950,11750,11850,601830,K00,M00K00,S05K00,U01
527,2014-02-19,11850,11900,11650,11750,628748,M05,K00M05,S04M05,U04
528,2014-02-20,11700,11950,11450,11550,1040085,M05,M00M05,S04M05,D04
529,2014-02-21,11600,11750,11500,11650,546028,K00,M00K00,M10K00,U04
530,2014-02-24,11700,11750,11550,11550,330286,M03,K00M03,S01M03,T01
531,2014-02-25,11700,11750,11600,11650,334061,M05,M00M05,S07M05,U04
532,2014-02-26,11700,11950,11650,11700,954225,K02,M00K02,M10K02,T01
533,2014-02-27,11650,11750,10850,11150,3240899,M05,K00M05,S04M05,U02
534,2014-02-28,11150,11350,10900,11300,1109944,P05,M00P05,S07P05,U04
535,2014-03-03,11250,11300,11050,11200,615936,M05,P00M05,S00M05,T01
536,2014-03-04,11150,11600,11100,11550,1066626,P05,M00P05,S06P05,D04
537,2014-03-05,11650,11750,11550,11650,618901,K00,P00K00,S02K00,U04
538,2014-03-06,11650,11950,11600,11850,1115871,P05,K00P05,P10P05,U02
539,2014-03-07,11900,12050,11750,11750,916811,M03,P00M03,P10M03,T01
540,2014-03-10,11700,11850,11600,11750,558904,K00,M00K00,S03K00,D04
541,2014-03-11,11850,12300,11800,12100,1964222,P05,K00P05,S08P05,T01
542,2014-03-12,12050,12100,11850,11950,922689,M05,P00M05,P10M05,D04
543,2014-03-13,11850,12750,11850,12750,2522839,P00,M00P00,S06P00,U04
544,2014-03-14,13250,14150,13200,13550,6770012,P05,P00P05,S02P05,D04
545,2014-03-17,13650,13850,13250,13300,2490263,M05,P00M05,P10M05,D04
546,2014-03-18,13350,13750,13150,13650,1808617,P05,M00P05,S03P05,U04
547,2014-03-19,13800,13900,13350,13750,1260143,M05,P00M05,S01M05,U04
548,2014-03-20,13500,13650,13400,13400,952570,M03,M00M03,S05M03,D04
549,2014-03-21,13550,14000,13500,13950,1681352,P05,M00P05,M10P05,U03
550,2014-03-24,14200,14350,13900,14100,1361491,M05,P00M05,S01M05,D04
551,2014-03-25,14000,14000,13100,13200,2207539,M01,M00M01,S05M01,D04
552,2014-03-26,13350,13600,13100,13450,1326887,P05,M00P05,M10P05,U03
553,2014-03-27,13300,13350,12800,12950,2024743,M05,P00M05,S01M05,D04
554,2014-03-28,13000,13500,13000,13350,1685083,P03,M00P03,S07P03,D04
555,2014-03-31,13400,13450,13200,13300,652507,M05,P00M05,S01M05,U02
556,2014-04-01,13450,14500,13450,14500,3058578,P00,M00P00,S03P00,U04
557,2014-04-02,14550,14550,14250,14400,1444255,M01,P00M01,S01M01,U04
558,2014-04-03,14350,14900,14000,14250,1825326,M05,M00M05,S03M05,U03
559,2014-04-04,14150,14500,14050,14150,1154561,K02,M00K02,M10K02,D04
560,2014-04-07,13900,14200,13650,13950,1112088,K00,K00K00,M10K00,D04
561,2014-04-08,13850,14150,13750,14050,636351,P05,K00P05,P10P05,D04
562,2014-04-09,14150,14200,12050,12150,4947447,M15,P00M15,P10M15,U04
563,2014-04-10,13150,13700,12950,13100,6021542,M05,M10M05,S07M05,U04
564,2014-04-11,12950,13550,12850,13500,2008532,P05,M00P05,M10P05,D04
565,2014-04-14,13400,13650,13350,13600,1104835,P05,P00P05,S02P05,D04
566,2014-04-15,13650,13800,13500,13550,871614,M05,P00M05,P10M05,U04
567,2014-04-16,13650,13700,13400,13500,526749,M05,M00M05,S03M05,U04
568,2014-04-17,13550,13950,13450,13750,1208821,P05,M00P05,M10P05,U04
569,2014-04-18,13850,14500,13700,14500,2097012,P01,P00P01,S01P01,U04
570,2014-04-21,14550,14600,14200,14450,850212,M05,P00M05,P10M05,U03
571,2014-04-22,14350,14400,14200,14200,584767,M03,M00M03,S03M03,U04
572,2014-04-23,14300,14350,14000,14050,799850,M05,M00M05,M10M05,U04
573,2014-04-24,13950,14250,13500,13650,1414336,M05,M00M05,M10M05,D04
574,2014-04-25,13650,13700,13150,13250,1006947,M05,M00M05,M10M05,U04
575,2014-04-28,13300,13550,13150,13200,954666,M05,M00M05,M10M05,D04
576,2014-04-29,13300,14050,13300,14050,1219220,P00,M00P00,M10P00,T01
577,2014-04-30,14050,14250,13450,13850,1006563,M05,P00M05,S01M05,U04
578,2014-05-02,13900,13900,13400,13550,832959,M01,M00M01,S03M01,U04
579,2014-05-07,13450,13600,13200,13500,903067,K00,M00K00,M10K00,D04
580,2014-05-08,13500,13550,12500,13100,1960091,M05,K00M05,S08M05,D04
581,2014-05-09,13100,13300,12900,13150,520496,K00,M00K00,S07K00,D04
582,2014-05-12,13000,13600,12900,13350,893361,P05,K00P05,S00P05,U04
583,2014-05-13,13650,14100,13600,13850,1224856,P05,P00P05,P10P05,U04
584,2014-05-14,13800,13950,13700,13850,594767,K00,P00K00,P10K00,D04
585,2014-05-15,13850,13950,13200,13400,865413,M05,K00M05,P10M05,D04
586,2014-05-16,13300,13500,13150,13300,563693,K00,M00K00,S07K00,D04
587,2014-05-19,13350,13850,13300,13450,1132930,P05,K00P05,M10P05,U04
588,2014-05-20,13500,13850,13250,13300,751664,M05,P00M05,P10M05,U04
589,2014-05-21,13400,13500,12800,12900,970809,M05,M00M05,S07M05,D04
590,2014-05-22,13150,13200,12800,12900,645783,M05,M00M05,M10M05,U04
591,2014-05-23,12850,13050,12700,12800,507583,M05,M00M05,M10M05,U04
592,2014-05-26,12850,13300,12850,13150,631515,P03,M00P03,M10P03,U04
593,2014-05-27,13250,13300,12950,13250,437322,K01,P00K01,S01K01,U04
594,2014-05-28,13200,13600,13050,13600,746603,P01,K00P01,P10P01,U04
595,2014-05-29,13600,13650,12950,13000,925058,M05,P00M05,P10M05,D04
596,2014-05-30,12750,12900,11700,11800,3741822,M05,M00M05,S07M05,U04
597,2014-06-02,11850,11900,11150,11900,2558579,K01,M00K01,M10K01,T01
598,2014-06-03,11700,11850,11300,11350,1498333,M05,K00M05,S01M05,T01
599,2014-06-05,11100,11400,10300,10400,3087401,M05,M00M05,S07M05,U04
600,2014-06-09,10450,10700,10350,10500,1242937,K00,M00K00,M10K00,U04
601,2014-06-10,10550,10900,10550,10700,956859,P03,K00P03,S01P03,U04
602,2014-06-11,10700,10750,9970,10000,4078100,M05,P00M05,P10M05,U01
603,2014-06-12,9950,9970,9500,9660,3820501,M05,M00M05,S07M05,T01
604,2014-06-13,9660,9840,9530,9550,2677445,M05,M00M05,M10M05,D04
605,2014-06-16,9660,9810,9470,9520,2659293,M05,M00M05,M10M05,U04
606,2014-06-17,9560,9770,9540,9660,2236532,P05,M00P05,M10P05,U03
607,2014-06-18,9710,9770,9140,9140,3290805,M03,P00M03,S01M03,U04
608,2014-06-19,9310,9650,9290,9480,3455019,P05,M00P05,S07P05,U04
609,2014-06-20,9630,9650,9190,9190,2638117,M03,P00M03,S01M03,T01
610,2014-06-23,9200,9210,8900,8950,2190351,M05,M00M05,S07M05,U03
611,2014-06-24,8930,9150,8780,9020,1600276,P05,M00P05,M10P05,T01
612,2014-06-25,8950,8990,8690,8690,1803946,M03,P00M03,S00M03,D04
613,2014-06-26,8700,8890,8600,8690,1901066,M05,M00M05,S07M05,U04
614,2014-06-27,8690,8730,8500,8660,1007553,M05,M00M05,M10M05,T01
615,2014-06-30,8750,8870,8680,8810,1306339,P05,M00P05,S04P05,U04
616,2014-07-01,8970,10050,8960,9930,10404723,P15,P00P15,S01P15,U03
617,2014-07-02,10000,10050,9490,9530,7063089,M05,P10M05,P10M05,U04
618,2014-07-03,9480,9590,9230,9350,3912520,M05,M00M05,S03M05,T01
619,2014-07-04,9550,9840,9520,9680,5040800,P05,M00P05,M10P05,T01
620,2014-07-07,10000,10700,9960,10500,8394257,P05,P00P05,S01P05,U04
621,2014-07-08,10600,10650,10150,10300,2884916,M05,P00M05,P10M05,D04
622,2014-07-09,10350,10600,10250,10350,2368834,K00,M00K00,S03K00,D04
623,2014-07-10,10400,10550,10150,10450,2120209,K00,K00K00,M10K00,U04
624,2014-07-11,10450,10550,9990,10050,2050955,M05,K00M05,S04M05,D04
625,2014-07-14,9900,10200,9900,10150,1699245,P03,M00P03,S07P03,U04
626,2014-07-15,10350,10400,10000,10050,1602296,M05,P00M05,S00M05,U04
627,2014-07-16,10200,10400,9970,10050,2030478,M05,M00M05,S03M05,D04
628,2014-07-17,10050,10150,9710,9920,1522026,M05,M00M05,M10M05,U03
629,2014-07-18,9850,10100,9850,9920,1056584,P04,M00P04,M10P04,D04
630,2014-07-21,10000,10050,9800,9840,1067105,M05,P00M05,S08M05,U04
631,2014-07-22,9890,9930,9750,9840,920145,M05,M00M05,S07M05,T01
632,2014-07-23,10100,10350,10000,10050,3139842,M05,M00M05,M10M05,U04
633,2014-07-24,10050,10100,9790,9790,1402329,M03,M00M03,M10M03,U04
634,2014-07-25,9830,9920,9470,9500,1719459,M05,M00M05,M10M05,T01
635,2014-07-28,9430,9500,9210,9220,1696557,M05,M00M05,M10M05,D04
636,2014-07-29,9240,9320,8790,8820,2058813,M05,M00M05,M10M05,T01
637,2014-07-30,8840,8900,8580,8650,2202029,M05,M00M05,M10M05,T01
638,2014-07-31,8450,8460,7970,8330,3547725,M05,M00M05,M10M05,U04
639,2014-08-01,8200,8450,8200,8280,1726124,P04,M00P04,M10P04,D04
640,2014-08-04,8220,8540,8220,8530,1149689,P03,P00P03,S08P03,D04
641,2014-08-05,8500,8520,8170,8180,1570580,M05,P00M05,P10M05,U04
642,2014-08-06,8150,8150,7710,7770,2435698,M01,M00M01,S07M01,D04
643,2014-08-07,7870,8090,7800,7870,1523750,K02,M00K02,M10K02,U01
644,2014-08-08,7850,8050,7770,7840,787049,M05,K00M05,M10M05,D04
645,2014-08-11,7920,8250,7890,8200,1455246,P05,M00P05,S04P05,U04
646,2014-08-12,8270,8270,8050,8090,846976,M01,P00M01,S01M01,U04
647,2014-08-13,8070,8220,8050,8140,730175,P05,M00P05,S03P05,T01
648,2014-08-14,8000,8440,7800,8270,2974322,P05,P00P05,S00P05,U04
649,2014-08-18,8270,8360,8010,8020,1406420,M05,P00M05,P10M05,U03
650,2014-08-19,8080,8120,7890,8090,972487,K01,M00K01,S03K01,U04
651,2014-08-20,8160,8240,8110,8130,976066,M05,K00M05,S01M05,U04
652,2014-08-21,8130,8190,7900,7900,1270616,M03,M00M03,S04M03,T01
653,2014-08-22,7900,7990,7730,7750,1358181,M05,M00M05,M10M05,U02
654,2014-08-25,7760,8040,7760,7990,1142833,P03,M00P03,M10P03,U02
655,2014-08-26,8000,8040,7900,7970,647941,M05,P00M05,S01M05,U04
656,2014-08-27,8100,8240,8050,8200,1380234,P05,M00P05,S03P05,U04
657,2014-08-28,8230,8370,8130,8270,1198332,K00,P00K00,S01K00,T01
658,2014-08-29,8310,8430,8230,8260,845389,M05,K00M05,P10M05,T01
659,2014-09-01,8290,8300,7990,8040,788520,M05,M00M05,S04M05,T01
660,2014-09-02,8100,8340,8090,8320,987638,P05,M00P05,M10P05,U04
661,2014-09-03,8360,8400,8160,8160,818699,M03,P00M03,S01M03,U04
662,2014-09-04,8190,8320,8110,8170,833088,M05,M00M05,S03M05,D04
663,2014-09-05,8190,8230,8030,8130,654852,M05,M00M05,M10M05,T01
664,2014-09-11,8200,8390,8180,8380,1122090,P05,M00P05,S04P05,U04
665,2014-09-12,8380,8450,8260,8290,735580,M05,P00M05,S01M05,U02
666,2014-09-15,8280,8380,8190,8210,550002,M05,M00M05,S03M05,D04
667,2014-09-16,8130,8270,8100,8150,718943,K00,M00K00,M10K00,D04
668,2014-09-17,8200,8270,8100,8130,558735,M05,K00M05,S08M05,U04
669,2014-09-18,8160,8180,8020,8030,998326,M05,M00M05,S04M05,U03
670,2014-09-19,8070,8070,7960,8000,665694,M01,M00M01,M10M01,U04
671,2014-09-22,8010,8060,7750,7820,1082190,M05,M00M05,M10M05,D04
672,2014-09-23,7790,7860,7540,7590,1102131,M05,M00M05,M10M05,D04
673,2014-09-24,7560,7640,7390,7510,1026836,M05,M00M05,M10M05,D04
674,2014-09-25,7590,8080,7580,7750,1748800,P05,M00P05,M10P05,U04
675,2014-09-26,7610,7810,7600,7680,520244,P05,P00P05,S01P05,D04
676,2014-09-29,7680,7770,7420,7420,734456,M03,P00M03,P10M03,U04
677,2014-09-30,7360,7560,7120,7120,1262414,M03,M00M03,S07M03,T01
678,2014-10-01,7100,7150,6520,6810,2371908,M05,M00M05,M10M05,D04
679,2014-10-02,6850,7180,6810,7000,1611633,P05,M00P05,M10P05,D04
680,2014-10-06,7000,7120,6940,7030,676563,K00,P00K00,S01K00,U04
681,2014-10-07,7000,7150,6920,6950,657768,M05,K00M05,P10M05,D04
682,2014-10-08,6920,7100,6900,7100,641246,P01,M00P01,S07P01,D04
683,2014-10-10,7090,7220,7010,7150,862008,P05,P00P05,S02P05,D04
684,2014-10-13,7120,7140,6770,6800,786437,M05,P00M05,P10M05,D04
685,2014-10-14,6710,7000,6710,6920,345096,P03,M00P03,S07P03,D04
686,2014-10-15,6900,6980,6780,6780,455261,M03,P00M03,S00M03,U04
687,2014-10-16,6710,6770,6530,6620,614588,M05,M00M05,S06M05,D04
688,2014-10-17,6710,6780,6360,6400,1099618,M05,M00M05,M10M05,U01
689,2014-10-20,6500,6580,6410,6510,677175,K00,M00K00,M10K00,U04
690,2014-10-21,6590,6770,6510,6660,915910,P05,K00P05,S01P05,U04
691,2014-10-22,6740,6820,6510,6580,674082,M05,P00M05,P10M05,U04
692,2014-10-23,6510,6630,6380,6410,705069,M05,M00M05,S07M05,D04
693,2014-10-24,6410,6420,5460,5490,4471214,M15,M00M15,M10M15,U04
694,2014-10-27,5500,5720,5400,5470,1911670,M05,M10M05,M10M05,U04
695,2014-10-28,5510,5600,5380,5410,1127920,M05,M00M05,M10M05,U01
696,2014-10-29,5510,5630,5470,5540,1160535,P05,M00P05,M10P05,U04
697,2014-10-30,5550,5730,5480,5520,1064138,M05,P00M05,S01M05,D04
698,2014-10-31,5590,5640,5420,5470,744849,M05,M00M05,S04M05,U04
699,2014-11-03,5470,5500,5150,5180,1368681,M05,M00M05,M10M05,U04
700,2014-11-04,5220,5350,5040,5350,1374101,P01,M00P01,M10P01,U03
701,2014-11-05,5250,5430,5230,5270,879693,K02,P00K02,S01K02,D04
702,2014-11-06,5300,5510,5190,5440,956396,P05,K00P05,P10P05,T01
703,2014-11-07,5530,5760,5500,5620,1470205,P05,P00P05,P10P05,U04
704,2014-11-10,5640,5770,5610,5640,820688,K02,P00K02,P10K02,T01
705,2014-11-11,5700,5750,5460,5490,1128654,M05,K00M05,P10M05,U04
706,2014-11-12,5480,5560,5350,5460,1044270,M05,M00M05,S07M05,U03
707,2014-11-13,5470,5590,5460,5570,580872,P05,M00P05,M10P05,U04
708,2014-11-14,5610,5820,5550,5700,1286719,P05,P00P05,S01P05,U02
709,2014-11-17,5730,5870,5710,5750,1019205,K00,P00K00,P10K00,U03
710,2014-11-18,5800,5880,5660,5830,726388,P05,K00P05,P10P05,D04
711,2014-11-19,5900,6000,5840,5900,1046599,K00,P00K00,P10K00,U04
712,2014-11-20,5950,5990,5820,5880,764506,M05,K00M05,P10M05,D04
713,2014-11-21,5930,5930,5790,5860,607238,M01,M00M01,S07M01,U04
714,2014-11-24,5940,6250,5890,6240,1824394,P05,M00P05,M10P05,U03
715,2014-11-25,6290,6500,6170,6240,1771331,M05,P00M05,S01M05,U04
716,2014-11-26,6200,6360,6120,6320,746829,P05,M00P05,S03P05,U01
717,2014-11-27,6340,6420,6240,6330,612418,M05,P00M05,S02M05,U01
718,2014-11-28,6230,6290,6070,6140,728328,M05,M00M05,S05M05,U04
719,2014-12-01,6130,6190,5920,6080,525784,M05,M00M05,M10M05,U01
720,2014-12-02,6060,6280,6060,6210,482843,P03,M00P03,M10P03,D04
721,2014-12-03,6210,6270,6150,6160,421057,M05,P00M05,S02M05,U04
722,2014-12-04,6240,6400,6190,6360,739771,P05,M00P05,S03P05,U04
723,2014-12-05,6390,6410,6300,6380,413799,M05,P00M05,S01M05,T01
724,2014-12-08,6380,6460,6350,6390,641277,K00,M00K00,S05K00,U03
725,2014-12-09,6420,6430,6230,6300,535994,M05,K00M05,S04M05,D04
726,2014-12-10,6300,6350,6200,6300,420385,K00,M00K00,S07K00,U04
727,2014-12-11,6200,6280,6090,6100,785178,M05,K00M05,M10M05,D04
728,2014-12-12,6100,6420,5960,6400,1310850,P05,M00P05,S07P05,U04
729,2014-12-15,6380,6670,6300,6480,1480781,P05,P00P05,S02P05,D04
730,2014-12-16,6540,6690,6350,6350,910341,M03,P00M03,P10M03,D04
731,2014-12-17,6350,6380,6100,6130,729783,M05,M00M05,S07M05,D04
732,2014-12-18,6170,6330,6100,6200,605288,K00,M00K00,M10K00,U04
733,2014-12-19,6310,6450,6240,6350,832691,P05,K00P05,S01P05,U04
734,2014-12-22,6370,6600,6310,6590,664325,P05,P00P05,P10P05,U04
735,2014-12-23,6590,7570,6450,7570,6032513,P11,P00P11,P10P11,U04
736,2014-12-24,7490,7650,7190,7240,4356755,M05,P10M05,P10M05,D04
737,2014-12-26,7270,7410,7200,7200,1523794,M04,M00M04,S06M04,U03
738,2014-12-29,7280,7480,7260,7270,1591081,M05,M00M05,M10M05,U04
739,2014-12-30,7300,7400,7050,7050,1145239,M03,M00M03,M10M03,T01
740,2015-01-02,7030,7440,7030,7280,1592066,P03,M00P03,M10P03,D04
741,2015-01-05,7240,7330,7140,7170,920145,M05,P00M05,S00M05,T01
742,2015-01-06,7050,7220,6900,6990,1121097,M05,M00M05,S06M05,D04
743,2015-01-07,7030,7150,6860,7000,985367,M05,M00M05,M10M05,D04
744,2015-01-08,6970,7080,6920,6980,699987,K00,M00K00,S04K00,U04
745,2015-01-09,7050,7330,7040,7130,1805220,P05,K00P05,S04P05,U04
746,2015-01-12,7290,7460,7220,7230,1737724,M05,P00M05,P10M05,D04
747,2015-01-13,7250,7360,7020,7060,1233243,M05,M00M05,S05M05,D04
748,2015-01-14,7020,7130,6970,7000,627020,M05,M00M05,M10M05,T01
749,2015-01-15,6980,7120,6970,7120,670044,P01,M00P01,M10P01,D04
750,2015-01-16,7070,7270,6900,6900,1159410,M03,P00M03,S02M03,D04
751,2015-01-19,6950,6980,6600,6620,1520729,M05,M00M05,S07M05,D04
752,2015-01-20,6680,6720,6600,6690,583332,K00,M00K00,M10K00,U04
753,2015-01-21,6770,6950,6720,6850,1128588,P05,K00P05,S01P05,U04
754,2015-01-22,6890,6920,6620,6670,933403,M05,P00M05,P10M05,U03
755,2015-01-23,6700,6820,6660,6690,678932,M05,M00M05,S07M05,U04
756,2015-01-26,6710,6750,6450,6490,939290,M05,M00M05,M10M05,U02
757,2015-01-27,6490,6600,6450,6580,496224,P05,M00P05,M10P05,U04
758,2015-01-28,6550,6860,6550,6710,1143031,P03,P00P03,S00P03,D04
759,2015-01-29,6720,6790,6610,6650,633034,M05,P00M05,P10M05,D04
760,2015-01-30,6700,6720,6520,6560,471041,M05,M00M05,S03M05,U04
761,2015-02-02,6530,6640,6520,6590,295122,P05,M00P05,M10P05,D04
762,2015-02-03,6640,6650,6540,6540,350755,M03,P00M03,S00M03,U04
763,2015-02-04,6570,6750,6550,6590,920533,K02,M00K02,S03K02,U04
764,2015-02-05,6550,6620,6140,6200,1865801,M05,K00M05,S01M05,T01
765,2015-02-06,6250,6370,6200,6220,759975,M05,M00M05,S07M05,U04
766,2015-02-09,6180,6250,5980,5990,774659,M05,M00M05,M10M05,D04
767,2015-02-10,6000,6430,5980,6050,1641339,P05,M00P05,M10P05,D04
768,2015-02-11,6120,6170,6030,6060,610527,M05,P00M05,S01M05,U04
769,2015-02-12,6070,6110,5930,5930,696585,M03,M00M03,S05M03,U04
770,2015-02-13,5930,6240,5930,6090,798237,P03,M00P03,M10P03,U04
771,2015-02-16,6160,6270,6080,6080,530465,M03,P00M03,S02M03,U04
772,2015-02-17,6080,6130,6050,6100,262256,K00,M00K00,S03K00,U04
773,2015-02-23,6140,6280,6110,6280,463854,P01,K00P01,S00P01,U04
774,2015-02-24,6300,6370,6200,6280,668732,M05,P00M05,P10M05,U02
775,2015-02-25,6380,6380,6260,6260,402294,M00,M00M00,S03M00,U02
776,2015-02-26,6300,6380,6260,6260,506350,M04,M00M04,M10M04,T01
777,2015-02-27,6280,6500,6280,6400,1113282,P03,M00P03,M10P03,U04
778,2015-03-02,6450,6970,6440,6840,2638100,P05,P00P05,S01P05,D04
779,2015-03-03,6940,6980,6710,6800,1171346,M05,P00M05,P10M05,U04
780,2015-03-04,6700,6700,6550,6570,1162867,M01,M00M01,S03M01,D04
781,2015-03-05,6570,6860,6570,6790,1431787,P03,M00P03,M10P03,T01
782,2015-03-06,6840,6980,6780,6870,1319138,K00,P00K00,S02K00,U04
783,2015-03-09,6870,6880,6660,6670,594946,M05,K00M05,P10M05,D04
784,2015-03-10,6710,6760,6360,6530,875534,M05,M00M05,S07M05,U04
785,2015-03-11,6380,6670,6380,6630,721487,P03,M00P03,M10P03,D04
786,2015-03-12,6680,6710,6530,6540,591439,M05,P00M05,S00M05,T01
787,2015-03-13,6600,6690,6510,6520,546910,M05,M00M05,S03M05,U04
788,2015-03-16,6530,6550,6370,6380,490738,M05,M00M05,M10M05,D04
789,2015-03-17,6430,6500,6380,6410,387241,M05,M00M05,M10M05,U04
790,2015-03-18,6410,6550,6250,6290,787053,M05,M00M05,M10M05,U02
791,2015-03-19,6360,6370,6120,6170,544549,M05,M00M05,M10M05,U04
792,2015-03-20,6200,6200,6130,6190,296775,M02,M00M02,M10M02,U03
793,2015-03-23,6240,6270,6200,6260,225762,K01,M00K01,M10K01,U04
794,2015-03-24,6250,6360,6220,6260,508783,K00,K00K00,S01K00,D04
795,2015-03-25,6270,6290,6150,6180,484377,M05,K00M05,S04M05,D04
796,2015-03-26,6130,6190,6060,6090,510682,M05,M00M05,S07M05,D04
797,2015-03-27,6090,6300,6090,6230,768637,P03,M00P03,M10P03,T01
798,2015-03-30,6240,6330,6210,6270,432451,K00,P00K00,S02K00,U04
799,2015-03-31,6320,6330,6220,6280,470802,M05,K00M05,P10M05,U04
800,2015-04-01,6250,6320,6210,6230,503658,M05,M00M05,S05M05,D04
801,2015-04-02,6240,6360,6210,6210,491474,M04,M00M04,M10M04,D04
802,2015-04-03,6220,6270,6200,6260,309274,P05,M00P05,S04P05,D04
803,2015-04-06,6280,6390,6150,6390,658871,P01,P00P01,S04P01,U02
804,2015-04-07,6420,6430,6330,6350,433894,M05,P00M05,P10M05,U04
805,2015-04-08,6360,6400,6300,6390,503504,K01,M00K01,S03K01,T01
806,2015-04-09,6410,6600,6380,6470,1413501,P05,K00P05,S01P05,U04
807,2015-04-10,6540,6590,6410,6410,649905,M03,P00M03,P10M03,U04
808,2015-04-13,6430,6500,6320,6470,802881,P05,M00P05,S07P05,U04
809,2015-04-14,6530,6640,6340,6360,1236250,M05,P00M05,S01M05,T01
810,2015-04-15,6390,6430,6360,6390,411042,K00,M00K00,S07K00,T01
811,2015-04-16,6420,6490,6390,6410,572493,M05,K00M05,M10M05,U04
812,2015-04-17,6420,6490,6310,6330,626831,M05,M00M05,S04M05,T01
813,2015-04-20,6260,6270,6160,6180,836903,M05,M00M05,M10M05,D04
814,2015-04-21,6220,6270,6190,6200,496966,M05,M00M05,M10M05,U04
815,2015-04-22,6230,6380,5870,6100,968580,M05,M00M05,M10M05,U04
816,2015-04-23,6160,6320,6110,6140,738212,M05,M00M05,M10M05,U04
817,2015-04-24,6150,6230,6050,6050,489468,M03,M00M03,M10M03,U04
818,2015-04-27,6080,6180,6080,6140,352317,P03,M00P03,M10P03,U04
819,2015-04-28,6150,6210,6060,6070,577031,M05,P00M05,S01M05,D04
820,2015-04-29,6120,6130,5970,5990,604816,M05,M00M05,S07M05,T01
821,2015-04-30,5990,6080,5900,5900,581933,M03,M00M03,M10M03,D04
822,2015-05-04,5860,5880,5550,5600,856512,M05,M00M05,M10M05,U04
823,2015-05-06,5430,5550,5410,5410,611275,M04,M00M04,M10M04,D04
824,2015-05-07,5400,5560,5400,5520,410717,P03,M00P03,M10P03,D04
825,2015-05-08,5480,5580,5460,5470,363563,M05,P00M05,S02M05,U04
826,2015-05-11,5530,5540,5410,5420,385052,M05,M00M05,S06M05,U04
827,2015-05-12,5420,5450,5210,5210,813787,M03,M00M03,M10M03,T01
828,2015-05-13,5210,5400,5210,5360,433261,P03,M00P03,M10P03,D04
829,2015-05-14,5330,5360,5250,5270,475170,M05,P00M05,S00M05,U02
830,2015-05-15,5310,5330,5210,5250,528162,M05,M00M05,S06M05,U04
831,2015-05-18,5160,5180,5030,5030,848355,M03,M00M03,M10M03,T01
832,2015-05-19,4980,5040,4850,5000,1097721,K01,M00K01,M10K01,U04
833,2015-05-20,5010,5080,4975,4990,516521,M05,K00M05,S08M05,T01
834,2015-05-21,4980,5020,4770,4780,897461,M05,M00M05,S04M05,T01
835,2015-05-22,4750,5190,4750,5000,1192499,P03,M00P03,M10P03,U04
836,2015-05-26,5050,5050,4935,4965,346638,M01,P00M01,S02M01,T01
837,2015-05-27,4915,4940,4840,4845,336392,M05,M00M05,S03M05,D04
838,2015-05-28,4860,4910,4820,4850,321971,M05,M00M05,M10M05,U04
839,2015-05-29,4845,5150,4830,4830,895321,M04,M00M04,M10M04,T01
840,2015-06-01,4850,5060,4780,4985,495636,P05,M00P05,S04P05,D04
841,2015-06-02,5050,5130,4835,4880,568314,M05,P00M05,S01M05,U03
842,2015-06-03,4825,4995,4790,4845,314115,K00,M00K00,S03K00,T01
843,2015-06-04,4855,4990,4855,4890,291035,P04,K00P04,S08P04,U04
844,2015-06-05,4910,4935,4780,4840,318962,M05,P00M05,P10M05,D04
845,2015-06-08,4800,4845,4755,4765,401499,M05,M00M05,S07M05,U03
846,2015-06-09,4755,4860,4755,4780,270010,P04,M00P04,M10P04,D04
847,2015-06-10,4810,4885,4765,4830,401337,K00,P00K00,S04K00,T01
848,2015-06-11,5100,5100,4815,4820,783141,M01,K00M01,P10M01,U04
849,2015-06-12,4815,4865,4670,4695,505709,M05,M00M05,S03M05,U02
850,2015-06-15,4620,4780,4600,4600,327574,M04,M00M04,M10M04,D04
851,2015-06-16,4540,4600,4395,4400,592552,M05,M00M05,M10M05,D04
852,2015-06-17,4330,4860,4330,4760,1299986,P03,M00P03,M10P03,U04
853,2015-06-18,4710,4795,4600,4660,351294,M05,P00M05,S02M05,U03
854,2015-06-19,4675,4745,4645,4700,252934,P05,M00P05,S06P05,U04
855,2015-06-22,4680,4815,4650,4780,348004,P05,P00P05,S01P05,D04
856,2015-06-23,4885,4885,4765,4790,336957,M01,P00M01,P10M01,U04
857,2015-06-24,4810,4935,4790,4805,500708,M05,M00M05,S05M05,U02
858,2015-06-25,4845,4995,4805,4860,1029251,K00,M00K00,M10K00,D04
859,2015-06-26,4865,4880,4725,4750,420760,M05,K00M05,S01M05,T01
860,2015-06-29,4630,4645,4445,4445,567114,M03,M00M03,S07M03,D04
861,2015-06-30,4400,4645,4400,4645,410202,P00,M00P00,M10P00,D04
862,2015-07-01,4695,4700,4610,4660,254472,M05,P00M05,S02M05,U04
863,2015-07-02,4680,4695,4580,4660,353851,M05,M00M05,S05M05,U04
864,2015-07-03,4655,4700,4610,4630,256882,M05,M00M05,S04M05,U04
865,2015-07-06,4595,4595,4460,4470,357760,M01,M00M01,M10M01,T01
866,2015-07-07,4525,4555,4380,4420,373905,M05,M00M05,M10M05,D04
867,2015-07-08,4440,4535,4400,4420,335891,M05,M00M05,M10M05,U02
868,2015-07-09,4390,4495,4270,4365,392810,M05,M00M05,M10M05,D04
869,2015-07-10,4375,4415,4295,4305,480283,M05,M00M05,M10M05,U03
870,2015-07-13,4315,4345,4270,4315,348961,K00,M00K00,M10K00,U04
871,2015-07-14,4350,4375,4290,4290,569480,M03,K00M03,M10M03,U04
872,2015-07-15,4350,4395,4270,4295,575907,M05,M00M05,S07M05,U04
873,2015-07-16,4300,4465,4300,4390,1281404,P03,M00P03,M10P03,T01
874,2015-07-17,4435,4435,4275,4315,753907,M01,P00M01,S01M01,U04
875,2015-07-20,4320,4360,4300,4325,465555,K00,M00K00,S03K00,U04
876,2015-07-21,4335,4410,4300,4300,613408,M04,K00M04,S01M04,U03
877,2015-07-22,4290,4325,4240,4250,547775,M05,M00M05,S04M05,T01
878,2015-07-23,4260,4295,4130,4140,650128,M05,M00M05,M10M05,D04
879,2015-07-24,4140,4200,4060,4075,563480,M05,M00M05,M10M05,D04
880,2015-07-27,4135,4220,4050,4070,556222,M05,M00M05,M10M05,D04
881,2015-07-28,4015,4075,3935,4000,582419,M05,M00M05,M10M05,D04
882,2015-07-29,4030,4065,3980,3985,364720,M05,M00M05,M10M05,U04
883,2015-07-30,3950,4020,3830,3845,591751,M05,M00M05,M10M05,U04
884,2015-07-31,3825,3875,3585,3650,1016690,M05,M00M05,M10M05,U04
885,2015-08-03,3685,3775,3650,3665,576783,M05,M00M05,M10M05,T01
886,2015-08-04,3645,3960,3645,3860,703275,P03,M00P03,M10P03,T01
887,2015-08-05,3920,3920,3850,3860,320639,M01,P00M01,S02M01,T01
888,2015-08-06,3860,3960,3860,3865,471799,K02,M00K02,S03K02,U04
889,2015-08-07,3875,3955,3865,3885,381469,K02,K00K02,S00K02,D04
890,2015-08-10,3910,3925,3750,3770,329078,M05,K00M05,S04M05,T01
891,2015-08-11,3835,4070,3835,3935,959032,P03,M00P03,S07P03,U04
892,2015-08-12,3930,3945,3790,3855,309887,M05,P00M05,S01M05,D04
893,2015-08-13,3880,3950,3850,3900,314485,P05,M00P05,S06P05,U02
894,2015-08-17,3810,3960,3810,3880,370244,P03,P00P03,S01P03,U04
895,2015-08-18,3865,4080,3865,3970,836773,P03,P00P03,P10P03,U04
896,2015-08-19,3975,3990,3780,3780,660918,M03,P00M03,P10M03,D04
897,2015-08-20,3730,3860,3730,3795,372458,P03,M00P03,S07P03,D04
898,2015-08-21,3700,3770,3480,3515,1009164,M05,P00M05,S00M05,D04
899,2015-08-24,3360,3595,3360,3475,708578,P03,M00P03,S07P03,D04
900,2015-08-25,3455,3555,3405,3520,699705,P05,P00P05,S08P05,D04
901,2015-08-26,3530,3640,3500,3635,356981,P05,P00P05,P10P05,D04
902,2015-08-27,3690,3890,3635,3745,620781,P05,P00P05,P10P05,U04
903,2015-08-28,3825,3890,3800,3840,409329,K00,P00K00,P10K00,U04
904,2015-08-31,3905,4035,3810,3990,575676,P05,K00P05,P10P05,U04
905,2015-09-01,3965,4020,3890,3890,323079,M03,P00M03,P10M03,D04
906,2015-09-02,3800,3955,3800,3910,238960,P03,M00P03,S07P03,D04
907,2015-09-03,3950,4010,3920,3920,244639,M04,P00M04,S00M04,U04
908,2015-09-04,3935,3980,3780,3780,334487,M03,M00M03,S05M03,D04
909,2015-09-07,3845,3890,3780,3865,208015,P05,M00P05,M10P05,D04
910,2015-09-08,3860,3910,3695,3805,190976,M05,P00M05,S01M05,D04
911,2015-09-09,3885,3935,3845,3935,350949,P01,M00P01,S07P01,U04
912,2015-09-10,4150,4150,4005,4005,935435,M00,P00M00,S01M00,D04
913,2015-09-11,4040,4140,3995,4010,353689,M05,M00M05,S05M05,U04
914,2015-09-14,4050,4070,3955,3965,232640,M05,M00M05,M10M05,U04
915,2015-09-15,3930,3975,3880,3925,222630,M05,M00M05,M10M05,D04
916,2015-09-16,3980,4190,3975,4130,1068466,P05,M00P05,M10P05,U04
917,2015-09-17,4165,4190,4060,4135,650255,M05,P00M05,S01M05,U04
918,2015-09-18,4140,4155,4030,4080,435057,M05,M00M05,S05M05,U02
919,2015-09-21,4080,4235,4030,4080,488286,K02,M00K02,M10K02,D04
920,2015-09-22,4050,4120,4010,4040,329678,M05,K00M05,M10M05,U01
921,2015-09-23,4045,4045,3890,3890,439979,M00,M00M00,S04M00,D04
922,2015-09-24,3890,3950,3770,3780,451664,M05,M00M05,M10M05,T01
923,2015-09-25,3800,3830,3720,3790,236341,M05,M00M05,M10M05,D04
924,2015-09-30,3790,3805,3720,3740,307287,M05,M00M05,M10M05,D04
925,2015-10-01,3750,3835,3750,3820,240706,P03,M00P03,M10P03,U04
926,2015-10-02,3880,3980,3880,3885,497690,K02,P00K02,S01K02,U02
927,2015-10-05,3940,4025,3930,4010,495752,P05,K00P05,P10P05,U04
928,2015-10-06,4050,4070,3950,3950,365322,M03,P00M03,P10M03,U04
929,2015-10-07,3945,4420,3935,4185,2634205,P05,M00P05,S03P05,D04
930,2015-10-08,4185,4240,4110,4130,514518,M05,P00M05,S02M05,U04
931,2015-10-12,4200,4280,4150,4160,667425,M05,M00M05,S03M05,U04
932,2015-10-13,4130,4215,4130,4195,337615,P03,M00P03,M10P03,U03
933,2015-10-14,4230,4230,4120,4145,322489,M01,P00M01,S00M01,D04
934,2015-10-15,4140,4210,4140,4190,308436,P03,M00P03,S03P03,D04
935,2015-10-16,4220,4225,4145,4170,305899,M05,P00M05,S00M05,U04
936,2015-10-19,4250,4375,4225,4290,1114429,P05,M00P05,S03P05,U04
937,2015-10-20,4310,4460,4290,4420,1069088,P05,P00P05,S01P05,U04
938,2015-10-21,4475,4475,4340,4355,565109,M01,P00M01,P10M01,D04
939,2015-10-22,4330,4400,4260,4260,561653,M03,M00M03,S03M03,D04
940,2015-10-23,4310,4345,4190,4200,426733,M05,M00M05,M10M05,U04
941,2015-10-26,4200,4300,4175,4175,371401,M04,M00M04,M10M04,U04
942,2015-10-27,4420,4665,4315,4320,3553787,M05,M00M05,M10M05,U01
943,2015-10-28,4360,4395,4245,4265,732715,M05,M00M05,M10M05,T01
944,2015-10-29,4325,4330,4225,4225,564917,M03,M00M03,M10M03,U04
945,2015-10-30,4230,4270,4090,4100,529594,M05,M00M05,M10M05,D04
946,2015-11-02,4055,4150,4050,4140,410063,P05,M00P05,M10P05,D04
947,2015-11-03,4145,4170,4100,4130,344012,M05,P00M05,S00M05,U04
948,2015-11-04,4135,4205,4110,4110,454307,M04,M00M04,S03M04,U04
949,2015-11-05,4150,4155,4080,4155,410895,K01,M00K01,S04K01,T01
950,2015-11-06,4200,4450,4200,4210,961233,K02,K00K02,S01K02,D04
951,2015-11-09,4210,4225,4050,4050,470704,M03,K00M03,P10M03,U04
952,2015-11-10,3930,3975,3840,3840,682308,M03,M00M03,S07M03,D04
953,2015-11-11,3825,3920,3825,3910,370316,P03,M00P03,M10P03,T01
954,2015-11-12,3910,3950,3825,3875,308788,M05,P00M05,S00M05,D04
955,2015-11-13,3870,3920,3835,3870,266473,K00,M00K00,S03K00,D04
956,2015-11-16,3870,4130,3800,3880,679622,K02,K00K02,M10K02,D04
957,2015-11-17,3945,4045,3940,3990,391731,P05,K00P05,S04P05,U04
958,2015-11-18,4000,4205,3995,4150,958672,P05,P00P05,P10P05,T01
959,2015-11-19,4205,4260,4150,4155,552024,M05,P00M05,P10M05,U04
960,2015-11-20,4175,4230,4150,4200,351027,P05,M00P05,S05P05,T01
961,2015-11-23,4210,4240,4155,4165,356463,M05,P00M05,S01M05,U04
962,2015-11-24,4165,4200,4000,4005,624913,M05,M00M05,S07M05,T01
963,2015-11-25,4030,4085,4015,4030,321590,K02,M00K02,M10K02,T01
964,2015-11-26,3990,4065,3940,4025,792422,P05,K00P05,M10P05,T01
965,2015-11-27,4025,4055,3900,3900,604383,M03,P00M03,S04M03,U03
966,2015-11-30,3900,4010,3895,3980,357601,P05,M00P05,S07P05,U03
967,2015-12-01,3950,4155,3950,4150,686172,P03,P00P03,S00P03,D04
968,2015-12-02,4210,4245,4110,4155,987728,M05,P00M05,P10M05,U04
969,2015-12-03,4165,4525,4155,4500,4256070,P05,M00P05,S05P05,D04
970,2015-12-04,4440,4590,4415,4575,1957554,P05,P00P05,S01P05,D04
971,2015-12-07,4570,4570,4395,4395,1299048,M00,P00M00,P10M00,U04
972,2015-12-08,4405,4520,4295,4520,1613054,P01,M00P01,S07P01,D04
973,2015-12-09,4550,4635,4230,4260,2069646,M05,P00M05,S01M05,T01
974,2015-12-10,4190,4305,4165,4295,772129,P05,M00P05,S07P05,D04
975,2015-12-11,4300,4330,4145,4230,710404,M05,P00M05,S00M05,U04
976,2015-12-14,4115,4175,4055,4055,633219,M03,M00M03,S03M03,D04
977,2015-12-15,4070,4310,4065,4290,667210,P05,M00P05,M10P05,U04
978,2015-12-16,4335,4470,4290,4290,1051275,M04,P00M04,S01M04,U04
979,2015-12-17,4330,4445,4275,4440,930916,P05,M00P05,S03P05,U04
980,2015-12-18,4410,4480,4350,4455,667119,P05,P00P05,S01P05,D04
981,2015-12-21,4420,4430,4345,4345,641794,M03,P00M03,P10M03,D04
982,2015-12-22,4385,4410,4290,4290,544527,M03,M00M03,S07M03,U04
983,2015-12-23,4305,4450,4285,4435,831609,P05,M00P05,M10P05,U04
984,2015-12-24,4460,4495,4320,4330,763663,M05,P00M05,S01M05,U04
985,2015-12-28,4330,4420,4310,4390,472001,P05,M00P05,S03P05,U01
986,2015-12-29,4390,4410,4225,4235,741100,M05,P00M05,S00M05,T01
987,2015-12-30,4250,4290,4220,4285,450127,P05,M00P05,S07P05,U04
988,2016-01-04,4290,4300,4225,4250,454080,M05,P00M05,S01M05,D04
989,2016-01-05,4200,4645,4200,4520,2631789,P03,M00P03,S04P03,D04
990,2016-01-06,4560,4795,4505,4540,3175081,M05,P00M05,S02M05,T01
991,2016-01-07,4520,4745,4475,4685,1847138,P05,M00P05,S05P05,D04
992,2016-01-08,4650,4715,4430,4460,1618268,M05,P00M05,S02M05,D04
993,2016-01-11,4420,4580,4380,4440,769222,K00,M00K00,S07K00,D04
994,2016-01-12,4450,4640,4450,4620,1097465,P03,K00P03,S08P03,T01
995,2016-01-13,4650,4705,4570,4580,982588,M05,P00M05,P10M05,U04
996,2016-01-14,4525,4775,4510,4750,1978035,P05,M00P05,S03P05,D04
997,2016-01-15,4845,5040,4770,4980,3550239,P05,P00P05,S02P05,U04
998,2016-01-18,4960,5070,4890,4900,1615658,M05,P00M05,P10M05,U04
999,2016-01-19,4910,5090,4890,5000,1728278,P05,M00P05,S06P05,D04
1000,2016-01-20,5020,5060,4725,4770,1375250,M05,P00M05,S01M05,T01
1001,2016-01-21,4800,4965,4775,4850,1111689,P05,M00P05,S07P05,T01
1002,2016-01-22,4950,5000,4690,4760,829230,M05,P00M05,S01M05,T01
1003,2016-01-25,4850,4945,4785,4910,615414,P05,M00P05,S07P05,U04
1004,2016-01-26,4890,4970,4765,4800,755494,M05,P00M05,S01M05,D04
1005,2016-01-27,4835,5230,4810,5230,3109081,P01,M00P01,S07P01,U04
1006,2016-01-28,5270,5300,5090,5180,1673411,M05,P00M05,S01M05,D04
1007,2016-01-29,5180,5270,5070,5180,1024916,K00,M00K00,S03K00,U04
1008,2016-02-01,5180,5220,5070,5080,785624,M05,K00M05,M10M05,U04
1009,2016-02-02,5080,5340,5080,5120,1529849,P04,M00P04,S07P04,U02
1010,2016-02-03,5110,5120,4830,4890,1549930,M05,P00M05,S00M05,D04
1011,2016-02-04,4950,4980,4910,4970,542173,K01,M00K01,S07K01,D04
1012,2016-02-05,4985,4995,4900,4900,381472,M03,K00M03,S01M03,U02
1013,2016-02-11,4735,4775,4580,4580,701727,M03,M00M03,S07M03,U04
1014,2016-02-12,4470,4660,4380,4520,944526,P05,M00P05,M10P05,D04
1015,2016-02-15,4555,4665,4490,4615,569836,P05,P00P05,S08P05,D04
1016,2016-02-16,4615,4690,4595,4635,392576,K00,P00K00,P10K00,U04
1017,2016-02-17,4655,4830,4585,4740,550897,P05,K00P05,P10P05,U04
1018,2016-02-18,4835,4885,4765,4780,484913,M05,P00M05,P10M05,U04
1019,2016-02-19,4825,4930,4780,4890,403991,P05,M00P05,S05P05,D04
1020,2016-02-22,4860,4935,4840,4880,301626,K00,P00K00,S01K00,U04
1021,2016-02-23,4900,4930,4745,4775,356682,M05,K00M05,P10M05,U04
1022,2016-02-24,4750,4950,4750,4880,418333,P03,M00P03,S07P03,D04
1023,2016-02-25,4900,4950,4740,4750,579972,M05,P00M05,S00M05,U04
1024,2016-02-26,4805,4950,4800,4910,585766,P05,M00P05,S07P05,U04
1025,2016-02-29,4940,5090,4940,5090,781830,P00,P00P00,S01P00,U03
1026,2016-03-02,5130,5170,5000,5020,815542,M05,P00M05,P10M05,U04
1027,2016-03-03,4995,5060,4775,4795,1060479,M05,M00M05,S03M05,U04
1028,2016-03-04,4800,4820,4650,4680,1210952,M05,M00M05,M10M05,U01
1029,2016-03-07,4695,4725,4560,4580,862291,M05,M00M05,M10M05,U03
1030,2016-03-08,4580,4635,4490,4540,567960,M05,M00M05,M10M05,T01
1031,2016-03-09,4530,4610,4505,4540,444836,K00,M00K00,M10K00,D04
1032,2016-03-10,4550,4655,4550,4610,504477,P03,K00P03,S08P03,U04
1033,2016-03-11,4595,4600,4500,4500,536282,M03,P00M03,P10M03,T01
1034,2016-03-14,4540,4540,4395,4430,808147,M01,M00M01,S07M01,U04
1035,2016-03-15,4420,4470,4390,4390,393534,M03,M00M03,M10M03,U01
1036,2016-03-16,4420,4470,4410,4410,414050,M04,M00M04,M10M04,D04
1037,2016-03-17,4445,4480,4425,4445,264853,K00,M00K00,S04K00,U04
1038,2016-03-18,4475,4480,4420,4420,275859,M03,K00M03,S04M03,U03
1039,2016-03-21,4420,4475,4400,4460,298249,P05,M00P05,S07P05,U04
1040,2016-03-22,4490,4550,4425,4505,440182,K00,P00K00,S00K00,U04
1041,2016-03-23,4515,4525,4440,4450,285738,M05,K00M05,P10M05,U03
1042,2016-03-24,4455,4465,4430,4430,261440,M03,M00M03,S07M03,D04
1043,2016-03-25,4440,4445,4215,4225,974111,M05,M00M05,M10M05,D04
1044,2016-03-28,4240,4280,4000,4070,777416,M05,M00M05,M10M05,U02
1045,2016-03-29,4100,4200,4055,4060,669515,M05,M00M05,M10M05,T01
1046,2016-03-30,4095,4135,4075,4085,295091,M05,M00M05,M10M05,U04
1047,2016-03-31,4120,4145,4055,4060,550883,M05,M00M05,S04M05,U04
1048,2016-04-01,4060,4130,4055,4130,345217,P01,M00P01,M10P01,T01
1049,2016-04-04,4130,4140,4090,4110,242797,M05,P00M05,S02M05,U04
1050,2016-04-05,4110,4160,4105,4155,303175,P05,M00P05,S03P05,D04
1051,2016-04-06,4140,4160,4080,4085,388706,M05,P00M05,S02M05,D04
1052,2016-04-07,4100,4110,4005,4005,625316,M03,M00M03,S07M03,U04
1053,2016-04-08,3970,4045,3950,4045,456789,P01,M00P01,M10P01,D04
1054,2016-04-11,4055,4080,4020,4045,208926,M05,P00M05,S00M05,U01
1055,2016-04-12,4075,4125,4055,4105,357633,P05,M00P05,S03P05,D04
1056,2016-04-14,4145,4180,4105,4110,285659,M05,P00M05,S01M05,U04
1057,2016-04-15,4090,4165,4085,4135,275887,P05,M00P05,S05P05,T01
1058,2016-04-18,4145,4155,4060,4070,342226,M05,P00M05,S00M05,T01
1059,2016-04-19,4085,4110,4060,4090,247700,K00,M00K00,S07K00,U04
1060,2016-04-20,4090,4170,4090,4150,584495,P03,K00P03,S01P03,D04
1061,2016-04-21,4155,4215,4100,4195,615004,P05,P00P05,P10P05,U02
1062,2016-04-22,4180,4270,4180,4195,412512,K02,P00K02,P10K02,T01
1063,2016-04-25,4225,4225,4135,4195,231485,M02,K00M02,S04M02,D04
1064,2016-04-26,4200,4210,4140,4155,286391,M05,M00M05,S03M05,T01
1065,2016-04-27,4165,4180,4135,4135,205749,M03,M00M03,M10M03,T01
1066,2016-04-28,4145,4240,4140,4190,413872,P05,M00P05,M10P05,D04
1067,2016-04-29,4200,4265,4180,4185,514042,M05,P00M05,S01M05,D04
1068,2016-05-02,4220,4220,4130,4135,317035,M01,M00M01,S03M01,D04
1069,2016-05-03,4130,4235,4130,4200,387019,P03,M00P03,M10P03,U04
1070,2016-05-04,4185,4235,4160,4175,307421,M05,P00M05,S00M05,D04
1071,2016-05-09,4145,4175,4125,4130,295206,M05,M00M05,S06M05,U04
1072,2016-05-10,4080,4150,4060,4115,245451,P05,M00P05,M10P05,U04
1073,2016-05-11,4120,4165,4065,4155,241389,P05,P00P05,S08P05,U04
1074,2016-05-12,4150,4150,4065,4090,317032,M01,P00M01,P10M01,D04
1075,2016-05-13,4100,4120,4085,4090,185241,M05,M00M05,S07M05,D04
1076,2016-05-16,4090,4100,3970,3975,450908,M05,M00M05,M10M05,D04
1077,2016-05-17,4025,4070,3970,4000,382263,M05,M00M05,M10M05,U04
1078,2016-05-18,3970,3985,3840,3915,795871,M05,M00M05,M10M05,D04
1079,2016-05-19,3890,3920,3790,3790,378996,M03,M00M03,M10M03,U04
1080,2016-05-20,3755,3895,3755,3845,370026,P03,M00P03,M10P03,D04
1081,2016-05-23,3865,3965,3830,3955,285486,P05,P00P05,S00P05,U04
1082,2016-05-24,3950,3955,3860,3880,330671,M05,P00M05,P10M05,T01
1083,2016-05-25,3905,3930,3825,3825,354698,M03,M00M03,S06M03,U04
1084,2016-05-26,3825,3860,3810,3845,227617,P05,M00P05,M10P05,U04
1085,2016-05-27,3815,3860,3815,3830,258906,K00,P00K00,S00K00,U02
1086,2016-05-30,3835,3870,3815,3820,258638,M05,K00M05,S04M05,U02
1087,2016-05-31,3835,3885,3820,3860,246910,P05,M00P05,S04P05,U04
1088,2016-06-01,3875,3930,3850,3930,305756,P01,P00P01,S01P01,U04
1089,2016-06-02,3950,3955,3860,3875,281502,M05,P00M05,P10M05,U01
1090,2016-06-03,3890,3890,3845,3855,180032,M01,M00M01,S07M01,U04
1091,2016-06-07,3865,3875,3845,3860,168371,M05,M00M05,M10M05,U04
1092,2016-06-08,3865,3900,3840,3855,258220,M05,M00M05,S04M05,T01
1093,2016-06-09,3860,3865,3810,3845,433323,M05,M00M05,S04M05,U03
1094,2016-06-10,3830,3890,3820,3870,292275,P05,M00P05,S04P05,D04
1095,2016-06-13,3860,3980,3835,3870,606488,K02,P00K02,S02K02,D04
1096,2016-06-14,3900,3945,3850,3905,353337,K00,K00K00,P10K00,D04
1097,2016-06-15,3880,3925,3860,3905,299141,P05,K00P05,P10P05,T01
1098,2016-06-16,3930,4040,3890,3915,855410,M05,P00M05,S04M05,T01
1099,2016-06-17,3985,4010,3890,3955,375345,M05,M00M05,S05M05,U03
1100,2016-06-20,3960,4010,3925,3945,346768,M05,M00M05,M10M05,D04
1101,2016-06-21,3980,3980,3895,3895,295184,M00,M00M00,M10M00,U04
1102,2016-06-22,3900,4140,3895,4075,1445442,P05,M00P05,M10P05,U02
1103,2016-06-23,4040,4040,3935,3995,647346,M01,P00M01,S01M01,T01
1104,2016-06-24,4150,4150,3705,3740,924217,M01,M00M01,S06M01,U04
1105,2016-06-27,3600,3735,3595,3695,537903,P05,M00P05,M10P05,D04
1106,2016-06-28,3660,3760,3660,3745,248800,P03,P00P03,S08P03,D04
1107,2016-06-29,3770,3845,3755,3790,375462,P05,P00P05,P10P05,U04
1108,2016-06-30,3825,3835,3770,3780,272392,M05,P00M05,P10M05,U04
1109,2016-07-01,3830,3875,3800,3840,414129,K00,M00K00,S03K00,U04
1110,2016-07-04,3860,3920,3850,3900,261550,P05,K00P05,S01P05,U04
1111,2016-07-05,3920,3930,3875,3905,191173,M05,P00M05,P10M05,U04
1112,2016-07-06,3905,3910,3830,3840,233284,M05,M00M05,S05M05,D04
1113,2016-07-07,3850,3910,3850,3890,225853,P03,M00P03,M10P03,U04
1114,2016-07-08,3905,3905,3840,3885,153319,M02,P00M02,S01M02,U04
1115,2016-07-11,3905,3940,3865,3925,268093,P05,M00P05,S03P05,U04
1116,2016-07-12,3930,3985,3925,3950,234180,P05,P00P05,S01P05,U04
1117,2016-07-13,3955,4055,3950,4015,515064,P05,P00P05,P10P05,U04
1118,2016-07-14,4035,4170,3995,4125,1049969,P05,P00P05,P10P05,D04
1119,2016-07-15,4175,4175,4020,4040,517762,M01,P00M01,P10M01,U04
1120,2016-07-18,4050,4415,4050,4360,2319439,P03,M00P03,S03P03,T01
1121,2016-07-19,4430,4545,4335,4425,2560767,M05,P00M05,S01M05,U04
1122,2016-07-20,4415,4645,4390,4505,1928271,P05,M00P05,S05P05,D04
1123,2016-07-21,4565,4640,4515,4630,1555861,P05,P00P05,S02P05,U04
1124,2016-07-22,4655,4660,4520,4600,1004719,M05,P00M05,P10M05,D04
1125,2016-07-25,4660,4670,4550,4610,674762,M05,M00M05,S03M05,U04
1126,2016-07-26,4630,4715,4575,4600,665854,M05,M00M05,M10M05,T01
1127,2016-07-27,4630,4650,4515,4525,632500,M05,M00M05,M10M05,U03
1128,2016-07-28,4525,4630,4525,4560,480687,P04,M00P04,M10P04,U04
1129,2016-07-29,4600,4620,4555,4570,344580,M05,P00M05,S00M05,U04
1130,2016-08-01,4550,4670,4550,4640,668353,P03,M00P03,S05P03,U02
1131,2016-08-02,4660,4710,4070,4075,3322089,M15,P00M15,S02M15,U04
1132,2016-08-03,4130,4255,4100,4215,851585,P05,M10P05,S07P05,D04
1133,2016-08-04,4250,4300,4195,4255,552925,K00,P00K00,S01K00,U04
1134,2016-08-05,4280,4325,4195,4205,518465,M05,K00M05,P10M05,U02
1135,2016-08-08,4185,4235,4090,4210,490965,P05,M00P05,S07P05,U04
1136,2016-08-09,4220,4320,4205,4295,407766,P05,P00P05,S00P05,T01
1137,2016-08-10,4330,4390,4300,4310,505123,M05,P00M05,P10M05,U03
1138,2016-08-11,4345,4345,4255,4290,224427,M01,M00M01,S05M01,D04
1139,2016-08-12,4260,4310,4260,4260,170496,K02,M00K02,M10K02,U04
1140,2016-08-16,4315,4315,4260,4270,215878,M01,K00M01,M10M01,U04
1141,2016-08-17,4270,4425,4250,4400,620929,P05,M00P05,S05P05,D04
1142,2016-08-18,4400,4400,4310,4320,312141,M01,P00M01,S02M01,T01
1143,2016-08-19,4320,4450,4305,4435,606864,P05,M00P05,S03P05,U03
1144,2016-08-22,4415,4450,4340,4355,353705,M05,P00M05,S02M05,T01
1145,2016-08-23,4355,4620,4355,4515,1367610,P03,M00P03,S06P03,U02
1146,2016-08-24,4505,4600,4440,4600,635528,P01,P00P01,S02P01,U04
1147,2016-08-25,4630,4630,4480,4480,782076,M00,P00M00,P10M00,D04
1148,2016-08-26,4445,4510,4380,4425,262255,M05,M00M05,S07M05,T01
1149,2016-08-29,4425,4460,4260,4260,352097,M03,M00M03,M10M03,U02
1150,2016-08-30,4265,4370,4265,4345,312030,P03,M00P03,M10P03,U03
1151,2016-08-31,4310,4370,4220,4330,290554,K00,P00K00,S01K00,T01
1152,2016-09-01,4285,4325,4255,4275,191291,M05,K00M05,P10M05,T01
1153,2016-09-02,4400,4835,4400,4530,3898035,P04,M00P04,S07P04,U03
1154,2016-09-05,4570,4660,4495,4590,1066364,K00,P00K00,S01K00,U03
1155,2016-09-06,4610,4610,4475,4485,625158,M01,K00M01,P10M01,U04
1156,2016-09-07,4470,4540,4400,4410,470729,M05,M00M05,S07M05,U04
1157,2016-09-08,4415,4450,4300,4395,745702,M05,M00M05,M10M05,U02
1158,2016-09-09,4405,4415,4315,4340,285362,M05,M00M05,M10M05,D04
1159,2016-09-12,4270,4345,4250,4250,346767,M04,M00M04,M10M04,D04
1160,2016-09-13,4280,4335,4265,4270,216147,M05,M00M05,M10M05,U04
1161,2016-09-19,4270,4345,4270,4300,297948,P03,M00P03,S04P03,T01
1162,2016-09-20,4300,4380,4300,4360,218568,P03,P00P03,S04P03,T01
1163,2016-09-21,4350,4375,4335,4345,268426,M05,P00M05,P10M05,U02
1164,2016-09-22,4350,4430,4350,4430,327503,P00,M00P00,S06P00,U04
1165,2016-09-23,4440,4445,4355,4365,372438,M05,P00M05,S01M05,U04
1166,2016-09-26,4365,4395,4290,4290,324351,M03,M00M03,S03M03,D04
1167,2016-09-27,4280,4350,4275,4320,225006,P05,M00P05,M10P05,D04
1168,2016-09-28,4340,4340,4305,4315,206151,M01,P00M01,S00M01,U04
1169,2016-09-29,4325,4335,4250,4300,373985,M05,M00M05,S03M05,U03
1170,2016-09-30,4280,4305,4220,4220,351957,M03,M00M03,S04M03,D04
1171,2016-10-04,4225,4365,4220,4350,338517,P05,M00P05,M10P05,T01
1172,2016-10-05,4370,4420,4330,4405,355925,P05,P00P05,S01P05,T01
1173,2016-10-06,4425,4445,4360,4360,239016,M03,P00M03,P10M03,U04
1174,2016-10-07,4365,4440,4355,4370,235407,K02,M00K02,S07K02,T01
1175,2016-10-10,4370,4420,4335,4355,119636,M05,K00M05,S01M05,T01
1176,2016-10-11,4365,4365,4255,4270,189659,M01,M00M01,S04M01,U04
1177,2016-10-12,4255,4295,4220,4270,154658,K00,M00K00,M10K00,D04
1178,2016-10-13,4305,4380,4260,4260,175726,M03,K00M03,S08M03,T01
1179,2016-10-14,4260,4310,4250,4290,147452,P05,M00P05,S03P05,D04
1180,2016-10-17,4280,4365,4280,4355,233929,P03,P00P03,S00P03,T01
1181,2016-10-18,4360,4410,4305,4305,177043,M03,P00M03,P10M03,D04
1182,2016-10-19,4320,4385,4260,4375,165684,P05,M00P05,S03P05,U04
1183,2016-10-20,4360,4400,4295,4295,252268,M03,P00M03,S01M03,U01
1184,2016-10-21,4315,4315,4255,4280,145740,M01,M00M01,S07M01,T01
1185,2016-10-24,4280,4310,4175,4175,226947,M03,M00M03,M10M03,U04
1186,2016-10-25,4185,4230,4130,4180,280079,M05,M00M05,M10M05,U04
1187,2016-10-26,4135,4180,4045,4065,282804,M05,M00M05,M10M05,D04
1188,2016-10-27,4095,4230,4085,4195,172408,P05,M00P05,M10P05,D04
1189,2016-10-28,4175,4225,4065,4065,166592,M03,P00M03,S01M03,D04
1190,2016-10-31,4015,4070,3990,4025,238103,K00,M00K00,S07K00,D04
1191,2016-11-01,3920,4050,3920,4015,160308,P03,K00P03,S08P03,T01
1192,2016-11-02,4015,4055,3950,4010,234226,M05,P00M05,P10M05,D04
1193,2016-11-03,3910,4030,3910,3995,139024,P03,M00P03,S03P03,D04
1194,2016-11-04,4000,4010,3945,3955,65608,M05,P00M05,S08M05,D04
1195,2016-11-07,3965,4070,3965,4070,95921,P00,M00P00,S03P00,T01
1196,2016-11-08,4080,4090,4005,4080,121693,K01,P00K01,S01K01,U04
1197,2016-11-09,4070,4100,3760,3900,414776,M05,K00M05,P10M05,U04
1198,2016-11-10,3970,4000,3950,3990,128784,P05,M00P05,S07P05,U04
1199,2016-11-11,3975,4045,3970,4025,146772,P05,P00P05,S01P05,D04
1200,2016-11-14,4025,4130,4025,4100,239880,P03,P00P03,P10P03,U04
1201,2016-11-15,3970,3995,3840,3855,669042,M05,P00M05,P10M05,D04
1202,2016-11-16,3875,3930,3860,3900,249721,P05,M00P05,S07P05,U04
1203,2016-11-17,3935,3935,3885,3905,114666,M01,P00M01,S01M01,U04
1204,2016-11-18,3895,3915,3785,3805,375888,M05,M00M05,S05M05,U04
1205,2016-11-21,3800,3850,3725,3815,193785,K00,M00K00,M10K00,T01
1206,2016-11-22,3810,3905,3810,3875,171855,P03,K00P03,S00P03,U04
1207,2016-11-23,3885,3915,3800,3800,185663,M03,P00M03,P10M03,U04
1208,2016-11-24,3860,3880,3680,3680,254318,M03,M00M03,S07M03,U04
1209,2016-11-25,3620,3730,3620,3675,159387,P03,M00P03,M10P03,T01
1210,2016-11-28,3680,3740,3650,3740,141686,P01,P00P01,S08P01,U04
1211,2016-11-29,3700,3765,3665,3685,216113,M05,P00M05,P10M05,D04
1212,2016-11-30,3650,3780,3650,3780,496252,P00,M00P00,S06P00,U03
1213,2016-12-01,3780,3840,3720,3730,132197,M05,P00M05,S02M05,D04
1214,2016-12-02,3750,3785,3710,3720,55792,M05,M00M05,S03M05,D04
1215,2016-12-05,3720,3720,3605,3640,174380,M01,M00M01,M10M01,U01
1216,2016-12-06,3625,3695,3625,3640,139481,K02,M00K02,M10K02,U04
1217,2016-12-07,3640,3685,3580,3580,157299,M03,K00M03,S08M03,U04
1218,2016-12-08,3605,3670,3590,3650,123891,P05,M00P05,S07P05,U04
1219,2016-12-09,3650,3725,3635,3710,128499,P05,P00P05,S01P05,U04
1220,2016-12-12,3745,3760,3695,3705,148491,M05,P00M05,P10M05,U04
1221,2016-12-13,3700,3765,3700,3765,184030,P00,M00P00,S03P00,D04
1222,2016-12-14,3780,3785,3740,3745,126467,M05,P00M05,S02M05,U04
1223,2016-12-15,3740,3845,3730,3845,293069,P01,M00P01,S03P01,D04
1224,2016-12-16,3895,3895,3810,3860,180481,M01,P00M01,S02M01,U04
1225,2016-12-19,3860,3880,3825,3875,133924,K01,M00K01,S05K01,D04
1226,2016-12-20,3880,3900,3840,3880,182539,K00,K00K00,S04K00,U04
1227,2016-12-21,3875,3905,3855,3890,149435,K00,K00K00,S04K00,U04
1228,2016-12-22,3890,3895,3835,3880,108979,M05,K00M05,S04M05,T01
1229,2016-12-23,3880,3930,3880,3885,175477,K02,M00K02,S04K02,D04
1230,2016-12-26,3870,3930,3870,3890,120811,P04,K00P04,S04P04,D04
1231,2016-12-27,3850,3915,3840,3840,151454,M04,P00M04,S04M04,U04
1232,2016-12-28,3840,3875,3825,3855,119572,K00,M00K00,S07K00,U04
1233,2016-12-29,3850,3850,3800,3835,188003,M02,K00M02,S04M02,D04
1234,2017-01-02,3840,3895,3825,3880,230577,P05,M00P05,S04P05,D04
1235,2017-01-03,3910,4000,3895,3990,540359,P05,P00P05,S01P05,D04
1236,2017-01-04,4005,4015,3960,3995,177377,M05,P00M05,P10M05,U04
1237,2017-01-05,4015,4080,3990,4025,203666,K00,M00K00,S05K00,U04
1238,2017-01-06,4025,4025,3990,4005,155544,M01,K00M01,S04M01,U03
1239,2017-01-09,4020,4020,3960,3960,122702,M00,M00M00,S04M00,U04
1240,2017-01-10,3935,3985,3935,3935,78525,K02,M00K02,M10K02,U03
1241,2017-01-11,3930,3960,3905,3940,171485,K00,K00K00,M10K00,U04
1242,2017-01-12,3940,3960,3860,3900,206780,M05,K00M05,S04M05,U03
1243,2017-01-13,3875,3900,3840,3845,122166,M05,M00M05,S07M05,D04
1244,2017-01-16,3845,3860,3745,3790,171747,M05,M00M05,M10M05,D04
1245,2017-01-17,3770,3820,3740,3760,115942,M05,M00M05,M10M05,U04
1246,2017-01-18,3750,3790,3745,3775,92719,P05,M00P05,M10P05,D04
1247,2017-01-19,3770,3810,3770,3795,81252,P03,P00P03,S04P03,U04
1248,2017-01-20,3805,3805,3750,3750,96284,M00,P00M00,P10M00,D04
1249,2017-01-23,3750,3755,3680,3695,122764,M05,M00M05,S07M05,U04
1250,2017-01-24,3670,3705,3640,3695,119665,P05,M00P05,M10P05,T01
1251,2017-01-25,3665,3740,3665,3720,120687,P03,P00P03,S08P03,U04
1252,2017-01-26,3740,3805,3725,3800,113895,P05,P00P05,P10P05,U04
1253,2017-01-31,3825,3875,3785,3875,165762,P01,P00P01,P10P01,D04
1254,2017-02-01,3840,3900,3840,3885,120960,P03,P00P03,P10P03,T01
1255,2017-02-02,3850,3880,3840,3865,152270,K00,P00K00,P10K00,U04
1256,2017-02-03,3855,3950,3815,3930,419994,P05,K00P05,P10P05,T01
1257,2017-02-06,3940,3960,3890,3900,340002,M05,P00M05,P10M05,U04
1258,2017-02-07,3915,3920,3830,3850,235202,M05,M00M05,S03M05,T01
1259,2017-02-08,3835,3840,3785,3805,150042,M05,M00M05,M10M05,U03
1260,2017-02-09,3805,3825,3785,3805,86240,K00,M00K00,M10K00,U02
1261,2017-02-10,3810,3840,3785,3795,160802,M05,K00M05,S04M05,U04
1262,2017-02-13,3795,3815,3745,3795,102211,K00,M00K00,S04K00,U04
1263,2017-02-14,3765,3800,3750,3770,121954,K00,K00K00,S04K00,U04
1264,2017-02-15,3775,3795,3760,3765,86660,M05,K00M05,S04M05,U04
1265,2017-02-16,3765,3785,3740,3765,120071,K00,M00K00,S04K00,U04
1266,2017-02-17,3745,3775,3730,3750,118471,K00,K00K00,S04K00,T01
1267,2017-02-20,3765,3765,3705,3720,137516,M01,K00M01,S04M01,T01
1268,2017-02-21,3750,3765,3720,3740,75113,M05,M00M05,S07M05,U04
1269,2017-02-22,3760,3805,3760,3775,142297,K00,M00K00,M10K00,U04
1270,2017-02-23,3795,3960,3760,3815,687206,P05,K00P05,S04P05,T01
1271,2017-02-24,3800,3860,3750,3750,186300,M03,P00M03,P10M03,D04
1272,2017-02-27,3775,3780,3750,3750,90382,M03,M00M03,S07M03,U03
1273,2017-02-28,3770,3770,3710,3715,112501,M01,M00M01,M10M01,U04
1274,2017-03-02,3745,3745,3670,3680,163979,M01,M00M01,M10M01,U04
1275,2017-03-03,3670,3690,3600,3630,182363,M05,M00M05,M10M05,D04
1276,2017-03-06,3630,3655,3585,3625,80564,M05,M00M05,M10M05,U02
1277,2017-03-07,3660,3715,3620,3700,90047,P05,M00P05,M10P05,D04
1278,2017-03-08,3700,3715,3675,3695,77338,M05,P00M05,S01M05,T01
1279,2017-03-09,3655,3700,3655,3675,67082,P03,M00P03,S03P03,U01
1280,2017-03-10,3685,3690,3630,3685,83627,K01,P00K01,S08K01,T01
1281,2017-03-13,3690,3725,3670,3725,138635,P01,K00P01,S04P01,U04
1282,2017-03-14,3725,3730,3700,3710,120183,M05,P00M05,P10M05,U03
1283,2017-03-15,3680,3765,3680,3715,246428,P03,M00P03,S04P03,D04
1284,2017-03-16,3700,3755,3690,3740,156558,P05,P00P05,S00P05,U04
1285,2017-03-17,3725,3755,3725,3745,96919,P03,P00P03,P10P03,T01
1286,2017-03-20,3715,3745,3670,3725,236890,K00,P00K00,P10K00,T01
1287,2017-03-21,3720,3725,3660,3710,261655,M05,K00M05,S04M05,T01
1288,2017-03-22,3685,3710,3660,3710,242477,P01,M00P01,S04P01,D04
1289,2017-03-23,3700,3700,3580,3590,410972,M01,P00M01,S04M01,U04
1290,2017-03-24,3625,3625,3370,3420,859540,M01,M00M01,S07M01,T01
1291,2017-03-27,3425,3470,3405,3410,245907,M05,M00M05,M10M05,U03
1292,2017-03-28,3380,3420,3360,3410,198084,P05,M00P05,M10P05,U03
1293,2017-03-29,3425,3530,3415,3470,200956,P05,P00P05,S08P05,U04
1294,2017-03-30,3470,3480,3420,3420,123033,M03,P00M03,P10M03,U04
1295,2017-03-31,3420,3460,3405,3435,96045,K00,M00K00,S07K00,U04
1296,2017-04-03,3410,3465,3400,3445,123134,P05,K00P05,S00P05,T01
1297,2017-04-04,3465,3510,3450,3465,214306,K00,P00K00,P10K00,D04
1298,2017-04-05,3475,3535,3465,3510,159026,P05,K00P05,P10P05,U01
1299,2017-04-06,3505,3575,3495,3515,154544,K00,P00K00,P10K00,D04
1300,2017-04-07,3530,3530,3490,3520,58039,M02,K00M02,P10M02,U03
1301,2017-04-10,3525,3555,3455,3470,239345,M05,M00M05,S04M05,T01
1302,2017-04-11,3465,3515,3420,3490,102450,P05,M00P05,M10P05,U01
1303,2017-04-12,3510,3510,3455,3495,102008,M02,P00M02,S00M02,T01
1304,2017-04-13,3500,3505,3480,3480,62997,M03,M00M03,S05M03,D04
1305,2017-04-14,3465,3480,3450,3470,66493,K00,M00K00,S04K00,D04
1306,2017-04-17,3450,3510,3450,3480,66397,P03,K00P03,S08P03,D04
1307,2017-04-18,3485,3500,3455,3475,63064,M05,P00M05,S04M05,U04
1308,2017-04-19,3490,3505,3480,3485,64981,M05,M00M05,S03M05,T01
1309,2017-04-20,3485,3540,3485,3495,158693,K02,M00K02,S04K02,U03
1310,2017-04-21,3520,3520,3485,3505,116418,M01,K00M01,S04M01,U04
1311,2017-04-24,3505,3525,3495,3495,77899,M04,M00M04,S04M04,T01
1312,2017-04-25,3495,3515,3495,3505,101029,K00,M00K00,S04K00,U04
1313,2017-04-26,3525,3675,3525,3645,853287,P03,K00P03,S04P03,U04
1314,2017-04-27,3670,3695,3645,3670,322846,K00,P00K00,P10K00,T01
1315,2017-04-28,3680,3685,3595,3630,180673,M05,K00M05,P10M05,U04
1316,2017-05-02,3635,3685,3610,3615,219431,M05,M00M05,S07M05,U04
1317,2017-05-04,3620,3675,3565,3600,242064,M05,M00M05,M10M05,D04
1318,2017-05-08,3600,3615,3570,3580,238717,M05,M00M05,S04M05,U04
1319,2017-05-10,3600,3675,3580,3630,386483,P05,M00P05,M10P05,U04
1320,2017-05-11,3640,3680,3635,3665,246266,P05,P00P05,S01P05,U02
1321,2017-05-12,3675,3695,3620,3695,117069,P02,P00P02,P10P02,T01
1322,2017-05-15,3695,3700,3670,3680,83135,M05,P00M05,P10M05,U01
1323,2017-05-16,3685,3685,3595,3610,151830,M01,M00M01,S04M01,U04
1324,2017-05-17,3640,3640,3570,3575,108129,M01,M00M01,M10M01,U04
1325,2017-05-18,3560,3575,3510,3530,160384,M05,M00M05,M10M05,D04
1326,2017-05-19,3535,3590,3535,3580,88843,P03,M00P03,M10P03,U04
1327,2017-05-22,3570,3620,3570,3585,122236,K00,P00K00,S01K00,U04
1328,2017-05-23,3615,3620,3580,3610,134700,M05,K00M05,P10M05,U04
1329,2017-05-24,3610,3630,3575,3585,79376,M05,M00M05,S05M05,U01
1330,2017-05-25,3585,3610,3565,3570,89054,M05,M00M05,S04M05,U04
1331,2017-05-26,3590,3590,3530,3535,159832,M01,M00M01,M10M01,U04
1332,2017-05-29,3540,3555,3495,3505,108312,M05,M00M05,M10M05,U04
1333,2017-05-30,3490,3615,3490,3615,207255,P00,M00P00,M10P00,U01
1334,2017-05-31,3625,3650,3610,3610,189657,M03,P00M03,S02M03,T01
1335,2017-06-01,3590,3615,3575,3585,115940,M05,M00M05,S03M05,T01
1336,2017-06-02,3585,3615,3570,3605,153467,P05,M00P05,M10P05,U04
1337,2017-06-05,3590,3630,3590,3600,108184,K00,P00K00,S04K00,U04
1338,2017-06-07,3565,3620,3565,3610,158624,P03,K00P03,S04P03,D04
1339,2017-06-08,3600,3650,3600,3635,217859,P03,P00P03,P10P03,U04
1340,2017-06-09,3650,3700,3620,3680,451804,P05,P00P05,P10P05,U04
1341,2017-06-12,3670,3695,3645,3665,185889,M05,P00M05,P10M05,D04
1342,2017-06-13,3680,3710,3670,3705,201984,P05,M00P05,S04P05,D04
1343,2017-06-14,3705,3745,3705,3715,239641,K00,P00K00,S01K00,U04
1344,2017-06-15,3720,3725,3665,3695,129371,M05,K00M05,S04M05,D04
1345,2017-06-16,3700,3725,3665,3715,112084,K01,M00K01,S04K01,D04
1346,2017-06-19,3715,3740,3695,3740,195724,P01,K00P01,S04P01,T01
1347,2017-06-20,3730,3750,3695,3710,307420,M05,P00M05,P10M05,U04
1348,2017-06-21,3710,3710,3660,3660,150875,M00,M00M00,S04M00,D04
1349,2017-06-22,3690,3700,3660,3695,150396,K01,M00K01,M10K01,U04
1350,2017-06-23,3635,3715,3615,3700,221343,P05,K00P05,S01P05,U01
1351,2017-06-26,3720,3905,3710,3875,1583785,P05,P00P05,P10P05,U04
1352,2017-06-27,3875,3910,3825,3860,492645,M05,P00M05,P10M05,D04
1353,2017-06-28,3865,3960,3860,3880,823508,K02,M00K02,S03K02,D04
1354,2017-06-29,3905,3930,3835,3845,222918,M05,K00M05,S04M05,U04
1355,2017-06-30,3800,3850,3775,3850,279025,P01,M00P01,S07P01,D04
1356,2017-07-03,3970,4455,3965,4090,13521411,P05,P00P05,S00P05,T01
1357,2017-07-04,4145,4165,3965,3975,2216478,M05,P00M05,P10M05,T01
1358,2017-07-05,4005,4095,3975,4040,1257825,P05,M00P05,S03P05,D04
1359,2017-07-06,4000,4025,3880,3905,1149336,M05,P00M05,S01M05,U04
1360,2017-07-07,3895,3895,3835,3845,573757,M01,M00M01,S07M01,D04
1361,2017-07-10,3840,3875,3745,3775,625805,M05,M00M05,M10M05,U04
1362,2017-07-11,3775,3790,3695,3750,482300,M05,M00M05,M10M05,U04
1363,2017-07-12,3775,3835,3735,3735,554993,M03,M00M03,M10M03,U03
1364,2017-07-13,3810,3810,3730,3780,228989,M01,M00M01,M10M01,U04
1365,2017-07-14,3785,3825,3715,3735,317974,M05,M00M05,M10M05,U03
1366,2017-07-17,3740,3800,3710,3735,196885,M05,M00M05,M10M05,U04
1367,2017-07-18,3750,3750,3700,3750,290658,K01,M00K01,M10K01,T01
1368,2017-07-19,3755,3850,3755,3805,583408,P03,K00P03,S04P03,U04
1369,2017-07-20,3820,3825,3780,3805,306891,M05,P00M05,P10M05,U04
1370,2017-07-21,3820,3820,3775,3785,187571,M01,M00M01,S03M01,U01
1371,2017-07-24,3775,3955,3725,3950,988756,P05,M00P05,S04P05,T01
1372,2017-07-25,4000,4225,3935,4020,2407778,P05,P00P05,S02P05,U04
1373,2017-07-26,4070,4125,3970,4080,829621,K00,P00K00,P10K00,T01
1374,2017-07-27,4050,4155,4035,4110,783777,P05,K00P05,P10P05,U02
1375,2017-07-28,4080,4145,3975,4045,611091,M05,P00M05,P10M05,D04
1376,2017-07-31,3990,4080,3970,4060,335640,P05,M00P05,S07P05,T01
1377,2017-08-01,4015,4160,4015,4020,615490,K02,P00K02,S00K02,D04
1378,2017-08-02,4045,4200,4025,4160,1283919,P05,K00P05,P10P05,U03
1379,2017-08-03,4165,4170,4025,4065,650116,M05,P00M05,P10M05,T01
1380,2017-08-04,4065,4095,3985,4060,439223,M05,M00M05,S03M05,D04
1381,2017-08-07,4040,4090,4025,4050,305314,K00,M00K00,M10K00,U03
1382,2017-08-08,4050,4080,3995,4045,270429,M05,K00M05,S04M05,U04
1383,2017-08-09,4030,4050,3975,3985,249763,M05,M00M05,S04M05,T01
1384,2017-08-10,3975,4000,3835,3890,479257,M05,M00M05,M10M05,D04
1385,2017-08-11,3855,3860,3755,3845,458733,M05,M00M05,M10M05,D04
1386,2017-08-14,3855,3910,3845,3895,269910,P05,M00P05,M10P05,U04
1387,2017-08-16,3840,3840,3750,3765,443476,M01,P00M01,S01M01,T01
1388,2017-08-17,3775,3870,3770,3870,286162,P01,M00P01,S07P01,U03
1389,2017-08-18,3820,3860,3820,3840,236860,P03,P00P03,S01P03,D04
1390,2017-08-21,3860,3875,3825,3830,286012,M05,P00M05,P10M05,T01
1391,2017-08-22,3840,3935,3830,3920,428552,P05,M00P05,S03P05,T01
1392,2017-08-23,3945,3945,3860,3895,288971,M01,P00M01,S01M01,U04
1393,2017-08-24,3900,3920,3870,3870,136031,M03,M00M03,S03M03,D04
1394,2017-08-25,3920,3925,3850,3880,202742,M05,M00M05,M10M05,T01
1395,2017-08-28,3920,3970,3885,3915,390412,M05,M00M05,M10M05,T01
1396,2017-08-29,3880,3930,3875,3905,281118,P05,M00P05,M10P05,U04
1397,2017-08-30,3910,3965,3860,3930,319354,P05,P00P05,S08P05,U04
1398,2017-08-31,3955,3965,3920,3955,152896,K01,P00K01,P10K01,U04
1399,2017-09-01,3955,3965,3910,3940,156520,M05,K00M05,P10M05,U04
1400,2017-09-04,3800,3910,3790,3820,287054,P05,M00P05,S04P05,U04
1401,2017-09-05,3860,3860,3730,3730,271358,M00,P00M00,S08M00,U02
1402,2017-09-06,3710,3815,3710,3730,195496,P04,M00P04,S07P04,D04
1403,2017-09-07,3730,3845,3730,3815,174812,P03,P00P03,S08P03,U04
1404,2017-09-08,3800,3835,3650,3685,346727,M05,P00M05,P10M05,U01
1405,2017-09-11,3730,3730,3495,3500,813468,M01,M00M01,S07M01,D04
1406,2017-09-12,3550,3615,3515,3575,344858,P05,M00P05,M10P05,U04
1407,2017-09-13,3640,3640,3575,3605,210961,M01,P00M01,S01M01,U04
1408,2017-09-14,3575,3655,3550,3550,137344,M04,M00M04,S05M04,U01
1409,2017-09-15,3550,3610,3515,3610,187613,P01,M00P01,M10P01,D04
1410,2017-09-18,3600,3685,3595,3635,239461,P05,P00P05,S02P05,U04
1411,2017-09-19,3610,3650,3600,3610,105199,K02,P00K02,P10K02,U02
1412,2017-09-20,3610,3665,3575,3575,215753,M03,K00M03,S04M03,U02
1413,2017-09-21,3570,3620,3540,3550,199521,M05,M00M05,S04M05,T01
1414,2017-09-22,3535,3570,3475,3475,236961,M03,M00M03,M10M03,D04
1415,2017-09-25,3460,3500,3385,3390,229144,M05,M00M05,M10M05,U01
1416,2017-09-26,3355,3445,3355,3385,201503,P04,M00P04,M10P04,D04
1417,2017-09-27,3400,3465,3335,3345,492076,M05,P00M05,S08M05,U02
1418,2017-09-28,3355,3380,3285,3285,328258,M03,M00M03,S07M03,U04
1419,2017-09-29,3290,3315,3265,3275,311902,M05,M00M05,M10M05,T01
1420,2017-10-10,3290,3295,3080,3090,526593,M05,M00M05,M10M05,T01
1421,2017-10-11,3095,3180,3090,3165,341569,P05,M00P05,M10P05,U02
1422,2017-10-12,3150,3200,3140,3150,216797,K02,P00K02,S01K02,U03
1423,2017-10-13,3450,4000,3325,3630,8863920,P05,K00P05,P10P05,T01
1424,2017-10-16,3780,3890,3575,3665,3090645,M05,P00M05,P10M05,U03
1425,2017-10-17,3625,3760,3585,3600,1255667,M05,M00M05,S05M05,U04
1426,2017-10-18,3585,3600,3460,3525,837114,M05,M00M05,M10M05,T01
1427,2017-10-19,3540,3600,3475,3535,701868,M05,M00M05,M10M05,T01
1428,2017-10-20,3535,3550,3465,3485,450783,M05,M00M05,M10M05,D04
1429,2017-10-23,3505,3535,3475,3510,306475,K00,M00K00,M10K00,U04
1430,2017-10-24,3515,3575,3500,3510,287181,M05,K00M05,S01M05,D04
1431,2017-10-25,3535,3630,3520,3585,459083,P05,M00P05,S04P05,U03
1432,2017-10-26,3555,3610,3525,3525,322255,M03,P00M03,S01M03,D04
1433,2017-10-27,3545,3620,3525,3545,281425,K02,M00K02,S07K02,T01
1434,2017-10-30,3600,3680,3560,3595,459719,M05,K00M05,S04M05,U04
1435,2017-10-31,3595,3640,3555,3615,205146,P05,M00P05,S05P05,T01
1436,2017-11-01,3635,3635,3535,3545,284954,M01,P00M01,S04M01,U04
1437,2017-11-02,3580,3605,3510,3595,195361,K01,M00K01,S07K01,T01
1438,2017-11-03,3600,3620,3565,3610,221900,K01,K00K01,S01K01,T01
1439,2017-11-06,3610,3630,3545,3565,175262,M05,K00M05,S04M05,U04
1440,2017-11-07,3565,3635,3550,3590,215698,P05,M00P05,S07P05,U04
1441,2017-11-08,3600,3845,3590,3795,1399769,P05,P00P05,S00P05,T01
1442,2017-11-09,3790,3825,3720,3820,422614,P05,P00P05,P10P05,U04
1443,2017-11-10,3795,3835,3760,3800,276468,K00,P00K00,P10K00,D04
1444,2017-11-13,3850,3850,3755,3790,311773,M01,K00M01,S04M01,T01
1445,2017-11-14,3770,3815,3730,3790,373150,P05,M00P05,S07P05,U02
1446,2017-11-15,3835,3835,3745,3755,369734,M01,P00M01,S08M01,D04
1447,2017-11-16,3780,3820,3715,3820,372308,P01,M00P01,S07P01,D04
1448,2017-11-17,3870,4125,3830,3960,2482256,P05,P00P05,S01P05,U04
1449,2017-11-20,3955,3975,3850,3975,512458,P02,P00P02,P10P02,T01
1450,2017-11-21,4010,4120,3940,4080,968441,P05,P00P05,P10P05,U02
1451,2017-11-22,4085,4145,3985,4130,761884,P05,P00P05,P10P05,U04
1452,2017-11-23,4190,4190,4020,4030,574184,M01,P00M01,P10M01,U04
1453,2017-11-24,4060,4340,4020,4275,1664394,P05,M00P05,S07P05,U01
1454,2017-11-27,4335,4375,4190,4260,716236,M05,P00M05,S01M05,U04
1455,2017-11-28,4300,4305,4025,4055,822668,M05,M00M05,S03M05,T01
1456,2017-11-29,4030,4110,4000,4040,415088,K00,M00K00,M10K00,U04
1457,2017-11-30,4015,4140,4015,4045,401574,P04,K00P04,S08P04,D04
1458,2017-12-01,4055,4090,4025,4070,264033,K00,P00K00,S04K00,U04
1459,2017-12-04,4110,4110,3970,3975,345772,M01,K00M01,P10M01,D04
1460,2017-12-05,3975,4095,3920,4075,360156,P05,M00P05,S07P05,D04
1461,2017-12-06,4040,4085,3980,4010,259605,M05,P00M05,S00M05,T01
1462,2017-12-07,3995,4035,3840,3870,385045,M05,M00M05,S06M05,U03
1463,2017-12-08,3870,3915,3785,3785,231251,M03,M00M03,M10M03,U04
1464,2017-12-11,3830,3890,3810,3850,107733,P05,M00P05,M10P05,U04
1465,2017-12-12,3850,3875,3760,3775,270957,M05,P00M05,S01M05,U04
1466,2017-12-13,3820,3955,3775,3955,275219,P01,M00P01,S07P01,T01
1467,2017-12-14,4045,4400,4000,4270,5613602,P05,P00P05,S01P05,U03
1468,2017-12-15,4230,4445,4200,4360,2392690,P05,P00P05,P10P05,D04
1469,2017-12-18,4360,4440,4205,4240,1044816,M05,P00M05,P10M05,U04
1470,2017-12-19,4315,4365,4125,4230,584780,M05,M00M05,S03M05,U04
1471,2017-12-20,4300,4560,4270,4410,2370989,P05,M00P05,M10P05,D04
1472,2017-12-21,4410,4485,3900,3915,1865842,M15,P00M15,S01M15,T01
1473,2017-12-22,3945,4075,3915,4030,497545,P05,M10P05,S07P05,U01
1474,2017-12-26,4100,4175,3950,4025,527931,M05,P00M05,S01M05,T01
1475,2017-12-27,3960,4230,3960,4205,672971,P03,M00P03,S03P03,D04
1476,2017-12-28,4200,4315,4160,4215,488097,K00,P00K00,S02K00,U01
1477,2018-01-02,4230,4400,4150,4335,723916,P05,K00P05,P10P05,D04
1478,2018-01-03,4330,4415,4275,4345,687208,K00,P00K00,P10K00,U04
1479,2018-01-04,4320,4400,4265,4285,445310,M05,K00M05,P10M05,U04
1480,2018-01-05,4285,5380,4285,5150,12305439,P13,M00P13,S07P13,U03
1481,2018-01-08,5340,5640,5200,5350,5289782,K00,P10K00,S02K00,U04
1482,2018-01-09,5450,5540,5280,5400,2652805,M05,K00M05,P10M05,U04
1483,2018-01-10,5380,5510,5160,5280,2740238,M05,M00M05,S05M05,U01
1484,2018-01-11,5200,5320,4950,5070,2664420,M05,M00M05,M10M05,T01
1485,2018-01-12,5080,5080,4785,4840,2406083,M01,M00M01,M10M01,U04
1486,2018-01-15,4875,4985,4755,4900,1686396,P05,M00P05,M10P05,U04
1487,2018-01-16,4880,4990,4730,4940,1582898,P05,P00P05,S01P05,U04
1488,2018-01-17,4920,4940,4790,4790,850038,M03,P00M03,P10M03,D04
1489,2018-01-18,4810,5070,4790,4875,2042106,P05,M00P05,S07P05,U04
1490,2018-01-19,4850,4920,4770,4800,837674,M05,P00M05,S01M05,T01
1491,2018-01-22,4815,4960,4750,4860,803653,P05,M00P05,S07P05,U04
1492,2018-01-23,4890,4955,4830,4870,710019,M05,P00M05,S01M05,U04
1493,2018-01-24,4850,4875,4770,4800,802454,M05,M00M05,S05M05,U04
1494,2018-01-25,4805,4995,4790,4975,969281,P05,M00P05,M10P05,D04
1495,2018-01-26,5040,5040,4890,4950,846967,M01,P00M01,S01M01,T01
1496,2018-01-29,4995,4995,4865,4885,725722,M01,M00M01,S03M01,U04
1497,2018-01-30,4880,5080,4865,4895,1484046,K02,M00K02,M10K02,D04
1498,2018-01-31,4875,4875,4640,4700,1127654,M01,K00M01,S00M01,D04
1499,2018-02-01,4700,4845,4630,4730,1098276,P05,M00P05,S07P05,U02
1500,2018-02-02,4715,4770,4550,4590,729581,M05,P00M05,S00M05,D04
1501,2018-02-05,4500,4615,4440,4505,529710,K00,M00K00,S07K00,D04
1502,2018-02-06,4280,4485,4260,4485,764533,P01,K00P01,S08P01,D04
1503,2018-02-07,4600,4600,4320,4335,625604,M01,P00M01,P10M01,U04
1504,2018-02-08,4365,4440,4310,4410,303459,P05,M00P05,S03P05,D04
1505,2018-02-09,4330,4330,4215,4265,433189,M01,P00M01,S01M01,D04
1506,2018-02-12,4280,4345,4240,4240,227889,M03,M00M03,S07M03,U04
1507,2018-02-13,4260,4295,4060,4060,632527,M03,M00M03,M10M03,U04
1508,2018-02-14,4100,4190,4100,4190,282116,P00,M00P00,M10P00,U04
1509,2018-02-19,4200,4385,4200,4360,468063,P03,P00P03,S01P03,U04
1510,2018-02-20,4380,4410,4315,4370,345102,M05,P00M05,P10M05,T01
1511,2018-02-21,4375,4380,4310,4355,306409,M05,M00M05,S05M05,T01
1512,2018-02-22,4355,4375,4300,4305,267733,M05,M00M05,S04M05,T01
1513,2018-02-23,4365,4375,4250,4320,403564,M05,M00M05,M10M05,T01
1514,2018-02-26,4355,4375,4250,4270,201844,M05,M00M05,M10M05,U04
1515,2018-02-27,4320,4385,4260,4385,439568,P01,M00P01,M10P01,U04
1516,2018-02-28,4385,4600,4350,4570,1766834,P05,P00P05,S01P05,D04
1517,2018-03-02,4510,4640,4405,4435,654297,M05,P00M05,P10M05,D04
1518,2018-03-05,4405,4435,4000,4020,970468,M05,M00M05,S06M05,U04
1519,2018-03-06,4030,4140,4030,4110,344358,P03,M00P03,M10P03,U04
1520,2018-03-07,4070,4105,4010,4020,331422,M05,P00M05,S01M05,U04
1521,2018-03-08,4010,4055,4010,4035,225613,P03,M00P03,S07P03,U04
1522,2018-03-09,4040,4100,4040,4065,309166,P03,P00P03,S00P03,U04
1523,2018-03-12,4100,4180,4070,4160,316718,P05,P00P05,P10P05,U04
1524,2018-03-13,4200,4205,4130,4170,265056,M05,P00M05,P10M05,U04
1525,2018-03-14,4155,4170,4105,4170,191592,K01,M00K01,S05K01,D04
1526,2018-03-15,4180,4225,4095,4195,263469,K01,K00K01,S08K01,T01
1527,2018-03-16,4195,4245,4110,4145,174151,M05,K00M05,S04M05,T01
1528,2018-03-19,4175,4175,4080,4125,198317,M01,M00M01,S07M01,T01
1529,2018-03-20,4125,4240,4085,4240,410364,P01,M00P01,M10P01,D04
1530,2018-03-21,4270,4345,4185,4245,457430,M05,P00M05,S02M05,U03
1531,2018-03-22,4250,4250,4040,4055,462490,M01,M00M01,S05M01,T01
1532,2018-03-23,3990,3995,3695,3705,830796,M05,M00M05,M10M05,D04
1533,2018-03-26,3710,3855,3640,3710,623523,K00,M00K00,M10K00,D04
1534,2018-03-27,3715,3870,3715,3820,470384,P03,K00P03,M10P03,U04
1535,2018-03-28,3805,3870,3700,3710,351601,M05,P00M05,P10M05,D04
1536,2018-03-29,3730,3775,3720,3735,142522,K00,M00K00,S07K00,D04
1537,2018-03-30,3745,3785,3730,3770,145191,P05,K00P05,S01P05,D04
1538,2018-04-02,3780,3850,3695,3700,362167,M05,P00M05,P10M05,U04
1539,2018-04-03,3665,3785,3650,3770,288907,P05,M00P05,S07P05,D04
1540,2018-04-04,3790,3800,3620,3680,320611,M05,P00M05,S00M05,U04
1541,2018-04-05,3700,3700,3600,3600,281043,M00,M00M00,S03M00,U04
1542,2018-04-06,3560,3650,3540,3600,208042,P05,M00P05,M10P05,U04
1543,2018-04-09,3610,3670,3510,3545,229917,M05,P00M05,S08M05,D04
1544,2018-04-10,3545,3620,3545,3620,185928,P00,M00P00,S07P00,U04
1545,2018-04-11,3600,3740,3550,3695,238727,P05,P00P05,S02P05,U04
1546,2018-04-12,3710,3740,3670,3720,186937,K00,P00K00,P10K00,D04
1547,2018-04-13,3740,3895,3735,3895,689583,P01,K00P01,P10P01,U04
1548,2018-04-16,3895,4035,3845,3935,994374,P05,P00P05,P10P05,D04
1549,2018-04-17,3935,3980,3915,3945,207676,K00,P00K00,P10K00,U04
1550,2018-04-18,3970,3970,3915,3945,203284,M01,K00M01,P10M01,U04
1551,2018-04-19,3925,4025,3920,4020,411987,P05,M00P05,S04P05,U03
1552,2018-04-20,4045,4055,3955,3990,169343,M05,P00M05,S02M05,D04
1553,2018-04-23,3970,3990,3850,3880,300111,M05,M00M05,S03M05,D04
1554,2018-04-24,3875,3990,3870,3965,263096,P05,M00P05,M10P05,T01
1555,2018-04-25,3970,4010,3895,3950,228643,M05,P00M05,S00M05,D04
1556,2018-04-26,4020,4150,3965,4125,487817,P05,M00P05,S03P05,T01
1557,2018-04-27,4185,4250,4115,4155,550001,M05,P00M05,S01M05,U04
1558,2018-04-30,4130,4155,3985,4000,308296,M05,M00M05,S05M05,T01
1559,2018-05-02,3980,4015,3885,3915,261983,M05,M00M05,M10M05,U04
1560,2018-05-03,3900,4250,3900,4210,1175439,P03,M00P03,M10P03,D04
1561,2018-05-04,4165,4170,4065,4090,417644,M05,P00M05,S02M05,T01
1562,2018-05-08,4105,4125,3860,3875,410531,M05,M00M05,S06M05,U04
1563,2018-05-09,3875,3920,3815,3880,220924,K00,M00K00,M10K00,T01
1564,2018-05-10,3910,3955,3835,3935,143937,P05,K00P05,S00P05,U04
1565,2018-05-11,3935,3990,3900,3960,138276,P05,P00P05,P10P05,U04
1566,2018-05-14,3980,4075,3950,4060,397319,P05,P00P05,P10P05,T01
1567,2018-05-15,4045,4045,3920,4025,296684,M02,P00M02,P10M02,U02
1568,2018-05-16,3940,3970,3815,3875,422191,M05,M00M05,S06M05,D04
1569,2018-05-17,3825,3885,3750,3860,264971,P05,M00P05,M10P05,U04
1570,2018-05-18,3870,3870,3780,3800,227694,M01,P00M01,S08M01,T01
1571,2018-05-21,3805,3850,3780,3805,148786,K00,M00K00,S07K00,D04
1572,2018-05-23,3805,3825,3705,3730,260670,M05,K00M05,M10M05,T01
1573,2018-05-24,3740,3845,3720,3830,140782,P05,M00P05,S07P05,U04
1574,2018-05-25,3820,3825,3765,3780,116030,M05,P00M05,S01M05,T01
1575,2018-05-28,3780,3845,3760,3825,182449,P05,M00P05,S06P05,T01
1576,2018-05-29,3835,3965,3795,3950,396050,P05,P00P05,S02P05,U02
1577,2018-05-30,4080,4285,4030,4240,2824421,P05,P00P05,P10P05,D04
1578,2018-05-31,4195,4250,4110,4210,648126,K00,P00K00,P10K00,U04
1579,2018-06-01,4195,4215,4080,4120,428615,M05,K00M05,P10M05,T01
1580,2018-06-04,4120,4400,4120,4290,1564590,P03,M00P03,S07P03,U04
1581,2018-06-05,4290,4345,4180,4200,609532,M05,P00M05,S02M05,U04
1582,2018-06-07,4235,4285,4130,4165,335257,M05,M00M05,S03M05,U04
1583,2018-06-08,4120,4225,4120,4175,247489,P03,M00P03,M10P03,D04
1584,2018-06-11,4175,4220,4045,4090,402452,M05,P00M05,S00M05,U02
1585,2018-06-12,4090,4145,4040,4110,183379,K00,M00K00,S07K00,U03
1586,2018-06-14,4120,4175,4000,4050,363635,M05,K00M05,S00M05,T01
1587,2018-06-15,4050,4170,4000,4000,302061,M04,M00M04,S07M04,U04
1588,2018-06-18,4050,4105,3835,3845,570185,M05,M00M05,M10M05,T01
1589,2018-06-19,3800,3915,3680,3740,331560,M05,M00M05,M10M05,T01
1590,2018-06-20,3710,3805,3710,3765,218715,P03,M00P03,M10P03,D04
1591,2018-06-21,3790,3845,3690,3765,326942,M05,P00M05,S00M05,U04
1592,2018-06-22,3750,3755,3600,3720,343696,M05,M00M05,S03M05,D04
1593,2018-06-25,3705,3725,3640,3720,163728,K01,M00K01,M10K01,T01
1594,2018-06-26,3710,3790,3600,3765,237085,P05,K00P05,S08P05,D04
1595,2018-06-27,3840,3935,3735,3755,420344,M05,P00M05,P10M05,U04
1596,2018-06-28,3790,3790,3640,3685,231711,M01,M00M01,S03M01,D04
1597,2018-06-29,3680,3700,3555,3570,211550,M05,M00M05,M10M05,U04
1598,2018-07-02,3605,3735,3505,3560,377301,M05,M00M05,M10M05,U01
1599,2018-07-03,3520,3675,3510,3595,266584,P05,M00P05,M10P05,U04
1600,2018-07-04,3605,3680,3585,3675,163610,P05,P00P05,S00P05,U04
1601,2018-07-05,3645,3695,3570,3625,176467,M05,P00M05,P10M05,D04
1602,2018-07-06,3610,3745,3590,3700,293496,P05,M00P05,S06P05,U04
1603,2018-07-09,3685,3695,3605,3650,241338,M05,P00M05,S02M05,U04
1604,2018-07-10,3650,3720,3600,3600,237408,M03,M00M03,S06M03,U04
1605,2018-07-11,3590,3660,3535,3575,273128,M05,M00M05,M10M05,U01
1606,2018-07-12,3570,3730,3560,3730,262192,P01,M00P01,M10P01,D04
1607,2018-07-13,3730,3765,3680,3705,112196,M05,P00M05,S02M05,U04
1608,2018-07-16,3710,3895,3690,3710,436005,K02,M00K02,S03K02,T01
1609,2018-07-17,3705,3850,3705,3780,419721,P03,K00P03,S04P03,T01
1610,2018-07-18,3790,3805,3675,3690,161827,M05,P00M05,P10M05,U04
1611,2018-07-19,3660,3690,3575,3590,266250,M05,M00M05,S07M05,T01
1612,2018-07-20,3535,3650,3535,3595,109189,P03,M00P03,M10P03,D04
1613,2018-07-23,3610,3765,3540,3540,558949,M04,P00M04,S00M04,T01
1614,2018-07-24,3540,3610,3525,3590,259366,P05,M00P05,S03P05,U04
1615,2018-07-25,3600,3600,3445,3540,252958,M01,P00M01,S00M01,T01
1616,2018-07-26,3535,3565,3465,3540,208879,K00,M00K00,S07K00,U04
1617,2018-07-27,3550,3640,3540,3640,145913,P01,K00P01,S08P01,D04
1618,2018-07-30,3670,3700,3620,3630,167499,M05,P00M05,P10M05,D04
1619,2018-07-31,3620,3730,3620,3690,185631,P03,M00P03,S03P03,D04
1620,2018-08-01,3710,3730,3680,3710,125223,K00,P00K00,S02K00,U04
1621,2018-08-02,3715,3735,3630,3660,77176,M05,K00M05,P10M05,U04
1622,2018-08-03,3655,3715,3645,3700,91903,P05,M00P05,S07P05,U04
1623,2018-08-06,3700,3730,3670,3685,54432,M05,P00M05,S00M05,U02
1624,2018-08-07,3660,3705,3640,3705,120832,P01,M00P01,S03P01,U04
1625,2018-08-08,3720,3780,3660,3700,151113,M05,P00M05,S02M05,U04
1626,2018-08-09,3740,3755,3685,3720,72228,M05,M00M05,S03M05,U01
1627,2018-08-10,3695,3720,3660,3670,78443,M05,M00M05,M10M05,U01
1628,2018-08-13,3685,3685,3450,3520,302694,M01,M00M01,M10M01,D04
1629,2018-08-14,3515,3550,3460,3520,149331,K00,M00K00,M10K00,T01
1630,2018-08-16,3460,3460,3180,3300,925553,M01,K00M01,S08M01,D04
1631,2018-08-17,3300,3350,3230,3300,167407,K00,M00K00,S07K00,U04
1632,2018-08-20,3360,3360,3205,3300,326652,M01,K00M01,M10M01,U02
1633,2018-08-21,3280,3355,3260,3335,104550,P05,M00P05,S07P05,U01
1634,2018-08-22,3345,3420,3280,3420,307714,P01,P00P01,S00P01,U04
1635,2018-08-23,3445,3445,3315,3410,120753,M02,P00M02,P10M02,U04
1636,2018-08-24,3370,3415,3330,3395,205337,P05,M00P05,S03P05,T01
1637,2018-08-27,3400,3415,3320,3385,183155,M05,P00M05,S08M05,U04
1638,2018-08-28,3395,3455,3375,3435,168591,P05,M00P05,S04P05,U04
1639,2018-08-29,3455,3520,3380,3510,288168,P05,P00P05,S01P05,U02
1640,2018-08-30,3510,3510,3450,3490,91129,M02,P00M02,P10M02,U04
1641,2018-08-31,3470,3545,3455,3500,175586,P05,M00P05,S03P05,T01
1642,2018-09-03,3535,3535,3470,3490,73452,M01,P00M01,S00M01,T01
1643,2018-09-04,3455,3510,3455,3480,103697,P03,M00P03,S03P03,U03
1644,2018-09-05,3480,3605,3470,3600,269035,P05,P00P05,S08P05,T01
1645,2018-09-06,3585,3620,3480,3595,155451,K01,P00K01,P10K01,D04
1646,2018-09-07,3595,3595,3475,3500,155622,M01,K00M01,P10M01,D04
1647,2018-09-10,3530,3530,3470,3500,112248,M01,M00M01,S07M01,T01
1648,2018-09-11,3475,3555,3465,3500,92150,P05,M00P05,M10P05,U03
1649,2018-09-12,3500,3520,3450,3455,97994,M05,P00M05,S08M05,U04
1650,2018-09-13,3460,3490,3425,3460,60841,K00,M00K00,S07K00,T01
1651,2018-09-14,3460,3480,3380,3400,201042,M05,K00M05,M10M05,U04
1652,2018-09-17,3380,3390,3300,3335,189362,M05,M00M05,S07M05,T01
1653,2018-09-18,3300,3625,3280,3380,331627,P05,M00P05,M10P05,D04
1654,2018-09-19,3380,3405,3300,3315,140015,M05,P00M05,S02M05,U04
1655,2018-09-20,3315,3375,3215,3260,263001,M05,M00M05,S03M05,T01
1656,2018-09-21,3250,3315,3250,3300,112500,P03,M00P03,M10P03,U04
1657,2018-09-27,3310,3350,3250,3325,85046,K00,P00K00,S00K00,T01
1658,2018-09-28,3305,3350,3300,3325,107613,P05,K00P05,P10P05,U04
1659,2018-10-01,3325,3330,3235,3255,112558,M05,P00M05,S04M05,U01
1660,2018-10-02,3285,3285,3180,3190,105585,M01,M00M01,S07M01,T01
1661,2018-10-04,3165,3205,3030,3130,377043,M05,M00M05,M10M05,U04
1662,2018-10-05,3130,3130,2960,3025,253631,M01,M00M01,M10M01,D04
1663,2018-10-08,2995,3040,2870,2925,275332,M05,M00M05,M10M05,D04
1664,2018-10-10,2905,2935,2650,2670,520070,M05,M00M05,M10M05,T01
1665,2018-10-11,2530,2655,2370,2370,710620,M03,M00M03,M10M03,D04
1666,2018-10-12,2265,2525,2265,2505,407528,P13,M00P13,M10P13,D04
1667,2018-10-15,2490,2530,2480,2500,131441,K00,P10K00,S00K00,U04
1668,2018-10-16,2480,2665,2480,2665,198537,P00,K00P00,P10P00,D04
1669,2018-10-17,2630,2840,2630,2810,232694,P03,P00P03,P10P03,U04
1670,2018-10-18,2790,2830,2765,2765,97235,M03,P00M03,P10M03,T01
1671,2018-10-19,2715,2805,2690,2800,162030,P05,M00P05,S06P05,D04
1672,2018-10-22,2795,2795,2735,2765,81468,M01,P00M01,S02M01,D04
1673,2018-10-23,2740,2765,2625,2670,148484,M05,M00M05,S06M05,U03
1674,2018-10-24,2690,2750,2530,2540,93957,M05,M00M05,M10M05,D04
1675,2018-10-25,2465,2595,2400,2550,170791,P05,M00P05,M10P05,D04
1676,2018-10-26,2600,2605,2420,2445,147490,M05,P00M05,S00M05,U04
1677,2018-10-29,2410,2490,2260,2285,167956,M05,M00M05,S07M05,D04
1678,2018-10-30,2080,2295,2060,2210,569493,P05,M00P05,M10P05,D04
1679,2018-10-31,2245,2355,2235,2345,205324,P05,P00P05,S08P05,U04
1680,2018-11-01,2370,2480,2360,2370,105335,K02,P00K02,P10K02,U04
1681,2018-11-02,2380,2475,2380,2470,70061,P03,K00P03,P10P03,U04
1682,2018-11-05,2430,2490,2410,2480,47956,P05,P00P05,P10P05,D04
1683,2018-11-06,2480,2530,2465,2480,48468,K02,P00K02,P10K02,D04
1684,2018-11-07,2510,2525,2360,2385,56637,M05,K00M05,P10M05,U04
1685,2018-11-08,2430,2470,2400,2400,46392,M03,M00M03,S07M03,U04
1686,2018-11-09,2450,2450,2385,2420,38199,M01,M00M01,M10M01,D04
1687,2018-11-12,2415,2415,2295,2305,221723,M01,M00M01,M10M01,D04
1688,2018-11-13,2280,2340,2240,2250,122234,M05,M00M05,M10M05,D04
1689,2018-11-14,2235,2325,2235,2320,78700,P03,M00P03,M10P03,T01
1690,2018-11-15,2300,2340,2290,2330,66500,P05,P00P05,S02P05,D04
1691,2018-11-16,2330,2480,2330,2450,221493,P03,P00P03,P10P03,U04
1692,2018-11-19,2435,2540,2430,2500,82941,P05,P00P05,P10P05,T01
1693,2018-11-20,2470,2485,2420,2450,62528,M05,P00M05,P10M05,D04
1694,2018-11-21,2420,2475,2410,2460,34563,P05,M00P05,S06P05,D04
1695,2018-11-22,2465,2510,2430,2460,43739,M05,P00M05,S00M05,D04
1696,2018-11-23,2425,2475,2425,2450,59401,P03,M00P03,S03P03,U04
1697,2018-11-26,2450,2500,2435,2470,144107,P05,P00P05,S08P05,D04
1698,2018-11-27,2485,2540,2425,2540,123259,P01,P00P01,P10P01,U04
1699,2018-11-28,2525,2530,2470,2475,101605,M05,P00M05,P10M05,T01
1700,2018-11-29,2485,2505,2430,2435,118910,M05,M00M05,S07M05,U04
1701,2018-11-30,2420,2465,2415,2430,46355,K00,M00K00,M10K00,T01
1702,2018-12-03,2490,2490,2400,2440,138314,M01,K00M01,S08M01,U04
1703,2018-12-04,2440,2465,2420,2420,104291,M03,M00M03,S05M03,U04
1704,2018-12-05,2390,2430,2355,2400,78364,K00,M00K00,M10K00,U04
1705,2018-12-06,2405,2415,2255,2280,85856,M05,K00M05,S08M05,D04
1706,2018-12-07,2300,2365,2240,2250,94399,M05,M00M05,S07M05,U04
1707,2018-12-10,2240,2250,2160,2220,101458,M05,M00M05,M10M05,D04
1708,2018-12-11,2195,2240,2090,2125,177653,M05,M00M05,M10M05,U04
1709,2018-12-12,2130,2170,2125,2160,75725,P05,M00P05,M10P05,U02
1710,2018-12-13,2180,2260,2160,2205,93054,P05,P00P05,S01P05,U04
1711,2018-12-14,2205,2225,2160,2185,56683,M05,P00M05,P10M05,D04
1712,2018-12-17,2195,2195,2140,2155,54418,M01,M00M01,S03M01,D04
1713,2018-12-18,2155,2200,2100,2150,93162,M05,M00M05,M10M05,D04
1714,2018-12-19,2160,2200,2135,2175,90728,P05,M00P05,M10P05,U04
1715,2018-12-20,2175,2180,2120,2130,75090,M05,P00M05,S01M05,D04
1716,2018-12-21,2105,2220,2100,2200,193358,P05,M00P05,S07P05,D04
1717,2018-12-24,2190,2260,2160,2220,72393,P05,P00P05,S02P05,D04
1718,2018-12-26,2215,2215,2130,2170,126691,M01,P00M01,P10M01,D04
1719,2018-12-27,2220,2240,2180,2210,72135,M05,M00M05,S07M05,U04
1720,2018-12-28,2250,2870,2245,2870,3599053,P11,M00P11,M10P11,U04
1721,2019-01-02,3040,3050,2815,2875,6002334,M05,P10M05,S01M05,U04
1722,2019-01-03,2895,2980,2750,2815,3455364,M05,M00M05,S05M05,U04
1723,2019-01-04,2825,2860,2670,2755,2035926,M05,M00M05,M10M05,D04
1724,2019-01-07,2900,3485,2870,3265,21176579,P15,M00P15,M10P15,U04
1725,2019-01-08,3270,3295,3105,3145,3123155,M05,P10M05,S01M05,U04
1726,2019-01-09,3165,3195,2995,3060,2329368,M05,M00M05,S03M05,U04
1727,2019-01-10,3050,3145,2965,3145,2540325,P01,M00P01,M10P01,U04
1728,2019-01-11,3105,3120,2950,2950,1482464,M03,P00M03,S00M03,U04
1729,2019-01-14,2965,3075,2860,2960,1255995,M05,M00M05,S07M05,T01
1730,2019-01-15,2960,3050,2950,3030,635638,P05,M00P05,M10P05,D04
1731,2019-01-16,3040,3055,2960,2970,555924,M05,P00M05,S02M05,U04
1732,2019-01-17,3005,3095,2955,2970,1040818,M05,M00M05,S03M05,U02
1733,2019-01-18,2965,3110,2955,3080,1291118,P05,M00P05,M10P05,U04
1734,2019-01-21,3110,3165,3040,3100,1234628,M05,P00M05,S02M05,U04
1735,2019-01-22,3160,3185,3060,3170,972568,K01,M00K01,S05K01,U04
1736,2019-01-23,3175,3230,3105,3115,1041600,M05,K00M05,S01M05,D04
1737,2019-01-24,3130,3145,3070,3115,339693,M05,M00M05,S07M05,U01
1738,2019-01-25,3130,3320,3100,3225,1637186,P05,M00P05,M10P05,U04
1739,2019-01-28,3225,3310,3140,3165,1141042,M05,P00M05,S01M05,U04
1740,2019-01-29,3160,3195,3120,3155,346082,M05,M00M05,S03M05,D04
1741,2019-01-30,3155,3200,3120,3160,352726,K00,M00K00,M10K00,D04
1742,2019-01-31,3180,3190,3095,3110,405984,M05,K00M05,S04M05,U04
1743,2019-02-01,3110,3190,3100,3150,324658,P05,M00P05,S07P05,U04
1744,2019-02-07,3195,3250,3130,3220,489983,P05,P00P05,S00P05,D04
1745,2019-02-08,3290,3295,3135,3135,442916,M03,P00M03,P10M03,D04
1746,2019-02-11,3120,3185,3120,3155,177290,P03,M00P03,S07P03,U02
1747,2019-02-12,3150,3180,3120,3140,227700,M05,P00M05,S00M05,U02
1748,2019-02-13,3170,3240,3130,3240,551374,P01,M00P01,S06P01,U04
1749,2019-02-14,3260,3280,3185,3280,455977,P02,P00P02,S01P02,U01
1750,2019-02-15,3295,3300,3170,3170,390553,M03,P00M03,P10M03,U01
1751,2019-02-18,3115,3155,2935,3080,727521,M05,M00M05,S07M05,U01
1752,2019-02-19,3060,3095,3020,3075,271687,K00,M00K00,M10K00,U04
1753,2019-02-20,3075,3145,3065,3130,300847,P05,K00P05,S08P05,U03
1754,2019-02-21,3100,3220,3080,3220,354191,P01,P00P01,P10P01,T01
1755,2019-02-22,3230,3240,3100,3120,297120,M05,P00M05,P10M05,D04
1756,2019-02-25,3115,3175,3075,3130,179990,K00,M00K00,S03K00,U04
1757,2019-02-26,3165,3165,3075,3090,145612,M01,K00M01,S00M01,U04
1758,2019-02-27,3090,3115,3020,3025,251942,M05,M00M05,S07M05,T01
1759,2019-02-28,2980,2990,2630,2630,846906,M13,M00M13,M10M13,U01
1760,2019-03-04,2665,2825,2665,2785,236402,P03,M10P03,M10P03,U04
1761,2019-03-05,2730,2805,2730,2730,158293,K02,P00K02,S01K02,T01
1762,2019-03-06,2735,2845,2735,2830,161107,P03,K00P03,P10P03,T01
1763,2019-03-07,2840,2840,2655,2675,239889,M01,P00M01,P10M01,D04
1764,2019-03-08,2635,2740,2635,2685,82882,P03,M00P03,S07P03,D04
1765,2019-03-11,2640,2665,2525,2575,368884,M05,P00M05,S00M05,T01
1766,2019-03-12,2575,2670,2575,2645,136185,P03,M00P03,S07P03,U04
1767,2019-03-13,2630,2650,2570,2625,100734,M05,P00M05,S02M05,U04
1768,2019-03-14,2625,2765,2625,2745,158067,P03,M00P03,S06P03,U04
1769,2019-03-15,2725,2760,2645,2695,147506,M05,P00M05,S02M05,T01
1770,2019-03-18,2700,2760,2695,2725,83091,P05,M00P05,S06P05,U04
1771,2019-03-19,2750,2750,2695,2730,88377,M01,P00M01,S01M01,U04
1772,2019-03-20,2730,2740,2645,2645,141976,M03,M00M03,S05M03,U02
1773,2019-03-21,2535,2570,2445,2445,487357,M03,M00M03,M10M03,U01
1774,2019-03-22,2440,2545,2440,2510,215342,P03,M00P03,M10P03,U04
1775,2019-03-25,2420,2500,2420,2480,139998,P03,P00P03,S00P03,D04
1776,2019-03-26,2470,2585,2430,2480,218203,K00,P00K00,P10K00,T01
1777,2019-03-27,2535,2550,2490,2495,68947,M05,K00M05,P10M05,U04
1778,2019-03-28,2495,2535,2475,2475,68321,M04,M00M04,S05M04,D04
1779,2019-03-29,2560,2560,2440,2505,99764,M01,M00M01,M10M01,U04
1780,2019-04-01,2540,2560,2480,2520,63125,M05,M00M05,M10M05,U04
1781,2019-04-02,2510,2545,2485,2505,129320,M05,M00M05,M10M05,U04
1782,2019-04-03,2495,2530,2485,2520,108211,P05,M00P05,M10P05,U03
1783,2019-04-04,2510,2575,2510,2565,119380,P03,P00P03,S04P03,U04
1784,2019-04-05,2550,2620,2540,2605,102522,P05,P00P05,P10P05,T01
1785,2019-04-08,2610,2645,2570,2625,129607,P05,P00P05,P10P05,U04
1786,2019-04-09,2600,2630,2570,2615,90720,P05,P00P05,P10P05,U03
1787,2019-04-10,2590,2615,2570,2580,62532,M05,P00M05,S04M05,D04
1788,2019-04-11,2565,2600,2555,2585,108070,P05,M00P05,S07P05,U04
1789,2019-04-12,2595,2605,2555,2580,114897,M05,P00M05,S04M05,T01
1790,2019-04-15,2595,2595,2535,2540,138092,M01,M00M01,S03M01,U04
1791,2019-04-16,2520,2565,2455,2520,190005,K00,M00K00,M10K00,T01
1792,2019-04-17,2520,2530,2475,2500,132790,M05,K00M05,M10M05,U04
1793,2019-04-18,2470,2520,2435,2455,208353,M05,M00M05,S04M05,T01
1794,2019-04-19,2520,2520,2435,2460,89565,M01,M00M01,M10M01,T01
1795,2019-04-22,2450,2500,2430,2435,84171,M05,M00M05,M10M05,T01
1796,2019-04-23,2370,2425,2370,2420,132516,P03,M00P03,M10P03,U03
1797,2019-04-24,2415,2455,2380,2420,105424,K00,P00K00,S08K00,U04
1798,2019-04-25,2400,2400,2325,2340,108469,M01,K00M01,P10M01,T01
1799,2019-04-26,2310,2330,2250,2300,207595,M05,M00M05,S07M05,U03
1800,2019-04-29,2300,2300,2240,2245,152559,M01,M00M01,M10M01,U04
1801,2019-04-30,2245,2275,2240,2270,106396,P05,M00P05,M10P05,U03
1802,2019-05-02,2290,2435,2275,2365,203773,P05,P00P05,S00P05,D04
1803,2019-05-03,2390,2390,2320,2375,52552,M02,P00M02,P10M02,T01
1804,2019-05-07,2370,2370,2300,2330,67746,M01,M00M01,S05M01,D04
1805,2019-05-08,2305,2330,2255,2270,135947,M05,M00M05,M10M05,D04
1806,2019-05-09,2255,2300,2070,2165,241882,M05,M00M05,M10M05,T01
1807,2019-05-10,2170,2195,2130,2155,91372,M05,M00M05,M10M05,D04
1808,2019-05-13,2135,2185,2100,2160,90864,P05,M00P05,M10P05,U01
1809,2019-05-14,2120,2505,2105,2220,1324683,P05,P00P05,S00P05,D04
1810,2019-05-15,2230,2350,2220,2305,312119,P05,P00P05,P10P05,U04
1811,2019-05-16,2290,2300,2135,2190,218191,M05,P00M05,P10M05,U04
1812,2019-05-17,2195,2230,2165,2195,125580,K00,M00K00,S07K00,U04
1813,2019-05-20,2195,2205,2135,2140,120784,M05,K00M05,M10M05,D04
1814,2019-05-21,2115,2160,2115,2135,78549,P03,M00P03,S07P03,D04
1815,2019-05-22,2160,2240,2155,2230,156311,P05,P00P05,S08P05,U04
1816,2019-05-23,2215,2230,2185,2220,55995,K01,P00K01,P10K01,D04
1817,2019-05-24,2200,2235,2120,2170,140709,M05,K00M05,P10M05,D04
1818,2019-05-27,2180,2180,2055,2125,176227,M01,M00M01,S07M01,D04
1819,2019-05-28,2130,2135,2085,2120,94378,M05,M00M05,M10M05,U02
1820,2019-05-29,2085,2135,2055,2080,101168,M05,M00M05,M10M05,D04
1821,2019-05-30,2080,2105,2060,2095,80923,P05,M00P05,M10P05,D04
1822,2019-05-31,2090,2170,2090,2155,159831,P03,P00P03,S04P03,U03
1823,2019-06-03,2130,2175,2115,2170,73276,P05,P00P05,P10P05,D04
1824,2019-06-04,2155,2185,2145,2170,81681,P05,P00P05,P10P05,D04
1825,2019-06-05,2155,2240,2155,2200,134985,P03,P00P03,P10P03,U04
1826,2019-06-07,2195,2300,2185,2250,186683,P05,P00P05,P10P05,U04
1827,2019-06-10,2260,2265,2200,2235,117833,M05,P00M05,P10M05,U04
1828,2019-06-11,2250,2275,2215,2270,165105,P05,M00P05,S03P05,U04
1829,2019-06-12,2255,2300,2255,2290,114512,P03,P00P03,S01P03,T01
1830,2019-06-13,2295,2305,2270,2300,106804,K01,P00K01,P10K01,D04
1831,2019-06-14,2310,2310,2260,2265,141572,M01,K00M01,P10M01,U04
1832,2019-06-17,2250,2280,2205,2260,76258,K00,M00K00,S07K00,D04
1833,2019-06-18,2250,2280,2190,2230,99447,M05,K00M05,S08M05,U04
1834,2019-06-19,2245,2260,2225,2250,80840,K00,M00K00,S07K00,U04
1835,2019-06-20,2220,2280,2220,2275,91958,P03,K00P03,S04P03,U04
1836,2019-06-21,2275,2295,2250,2280,67035,K00,P00K00,P10K00,U04
1837,2019-06-24,2280,2510,2280,2400,1480110,P03,K00P03,P10P03,T01
1838,2019-06-25,2390,2415,2350,2405,254677,P05,P00P05,P10P05,D04
1839,2019-06-26,2405,2410,2330,2400,251332,M05,P00M05,P10M05,D04
1840,2019-06-27,2380,2400,2250,2285,281810,M05,M00M05,S04M05,U04
1841,2019-06-28,2305,2315,2205,2205,147243,M03,M00M03,M10M03,U04
1842,2019-07-01,2230,2265,2205,2265,76274,P01,M00P01,M10P01,U04
1843,2019-07-02,2265,2270,2210,2255,74824,M05,P00M05,S01M05,U04
1844,2019-07-03,2250,2250,2200,2215,114192,M01,M00M01,S03M01,U03
1845,2019-07-04,2210,2230,2115,2130,215567,M05,M00M05,M10M05,U03
1846,2019-07-05,2140,2155,2095,2125,91370,M05,M00M05,M10M05,U04
1847,2019-07-08,2125,2125,1995,2020,380576,M01,M00M01,M10M01,T01
1848,2019-07-09,1995,2260,1975,1980,1081418,M05,M00M05,M10M05,D04
1849,2019-07-10,1940,2040,1940,2015,226140,P03,M00P03,M10P03,U04
1850,2019-07-11,2015,2020,1965,2015,190120,K01,P00K01,S02K01,U04
1851,2019-07-12,2015,2060,2000,2035,87237,P05,K00P05,P10P05,T01
1852,2019-07-15,2035,2050,2000,2020,103505,M05,P00M05,S04M05,U04
1853,2019-07-16,2000,2035,1980,2000,104920,K00,M00K00,S04K00,U03
1854,2019-07-17,2015,2015,1900,1960,236114,M01,K00M01,M10M01,D04
1855,2019-07-18,1950,1970,1930,1935,103526,M05,M00M05,S07M05,D04
1856,2019-07-19,1920,1980,1920,1960,45676,P03,M00P03,M10P03,U03
1857,2019-07-22,1950,2010,1950,1995,51186,P03,P00P03,S02P03,D04
1858,2019-07-23,1975,2025,1975,2015,97316,P03,P00P03,P10P03,U04
1859,2019-07-24,2015,2030,1965,2000,105126,M05,P00M05,P10M05,U04
1860,2019-07-25,2005,2005,1900,1945,130113,M01,M00M01,S03M01,U04
1861,2019-07-26,1945,1945,1900,1905,76213,M01,M00M01,M10M01,D04
1862,2019-07-29,1885,1915,1735,1745,264618,M05,M00M05,M10M05,U04
1863,2019-07-30,1710,1820,1710,1780,57041,P03,M00P03,M10P03,D04
1864,2019-07-31,1745,1845,1745,1820,113304,P03,P00P03,S00P03,T01
1865,2019-08-01,1800,1840,1795,1830,91823,P05,P00P05,P10P05,D04
1866,2019-08-02,1775,1835,1775,1780,103940,K02,P00K02,P10K02,D04
1867,2019-08-05,1750,1780,1620,1665,254675,M05,K00M05,P10M05,D04
1868,2019-08-06,1470,1720,1450,1685,518708,P15,M00P15,S07P15,D04
1869,2019-08-07,1680,1695,1610,1675,331845,M05,P10M05,S00M05,U04
1870,2019-08-08,1655,1740,1655,1730,169213,P03,M00P03,S06P03,U04
1871,2019-08-09,1730,1780,1700,1700,70625,M03,P00M03,S02M03,U04
1872,2019-08-12,1655,1795,1655,1795,101965,P00,M00P00,S03P00,D04
1873,2019-08-13,1790,1815,1755,1775,60818,M05,P00M05,S02M05,D04
1874,2019-08-14,1785,1835,1765,1795,119513,P05,M00P05,S06P05,U04
1875,2019-08-16,1780,1790,1710,1745,98791,M05,P00M05,S01M05,T01
1876,2019-08-19,1765,1790,1730,1745,104973,M05,M00M05,S07M05,U04
1877,2019-08-20,1770,1830,1755,1825,192732,P05,M00P05,M10P05,U04
1878,2019-08-21,1815,1930,1795,1820,920536,K02,P00K02,S01K02,D04
1879,2019-08-22,1830,1845,1745,1800,263627,M05,K00M05,P10M05,U04
1880,2019-08-23,1780,1815,1750,1805,240445,P05,M00P05,S07P05,D04
1881,2019-08-26,1740,1780,1705,1735,120388,M05,P00M05,S00M05,D04
1882,2019-08-27,1750,1785,1700,1785,407652,P01,M00P01,S07P01,U04
1883,2019-08-28,1925,2320,1920,2035,15460819,P05,P00P05,S01P05,D04
1884,2019-08-29,2055,2065,1970,2020,2007519,M05,P00M05,P10M05,U04
1885,2019-08-30,2030,2130,1980,2050,2292765,P05,M00P05,S03P05,U04
1886,2019-09-02,2050,2105,2015,2080,1002793,P05,P00P05,S01P05,U04
1887,2019-09-03,2080,2080,2015,2050,987165,M01,P00M01,P10M01,T01
1888,2019-09-04,2105,2115,2010,2025,739679,M05,M00M05,S07M05,D04
1889,2019-09-05,2025,2065,2015,2045,362379,P05,M00P05,M10P05,U04
1890,2019-09-06,2050,2060,2025,2025,371676,M03,P00M03,S00M03,U04
1891,2019-09-09,2085,2140,2005,2025,1085497,M05,M00M05,S07M05,T01
1892,2019-09-10,2020,2220,2000,2045,3017665,P05,M00P05,M10P05,T01
1893,2019-09-11,2020,2050,2000,2030,557346,K00,P00K00,S00K00,T01
1894,2019-09-16,2040,2055,2020,2040,240168,K00,K00K00,P10K00,T01
1895,2019-09-17,2035,2115,2015,2115,542175,P01,K00P01,S04P01,D04
1896,2019-09-18,2100,2115,2070,2095,328929,M05,P00M05,P10M05,U04
1897,2019-09-19,2090,2315,2065,2210,2855887,P05,M00P05,S06P05,T01
1898,2019-09-20,2175,2220,2160,2210,758849,P05,P00P05,S02P05,U01
1899,2019-09-23,2210,2240,2140,2140,570322,M03,P00M03,P10M03,D04
1900,2019-09-24,2120,2170,2035,2170,380697,P01,M00P01,S07P01,T01
1901,2019-09-25,2150,2190,2080,2115,309064,M05,P00M05,S00M05,D04
1902,2019-09-26,2150,2150,2075,2110,179504,M01,M00M01,S07M01,U04
1903,2019-09-27,2095,2105,2055,2080,175557,M05,M00M05,M10M05,D04
1904,2019-09-30,2030,2070,2015,2030,136945,K00,M00K00,M10K00,D04
1905,2019-10-01,2020,2055,2020,2040,112239,P03,K00P03,M10P03,U04
1906,2019-10-02,2075,2075,1985,2010,188109,M01,P00M01,S04M01,D04
1907,2019-10-04,2010,2040,1995,1995,100163,M04,M00M04,S07M04,U04
1908,2019-10-07,1995,2020,1935,1970,181291,M05,M00M05,M10M05,U04
1909,2019-10-08,1970,2000,1965,1990,97275,P05,M00P05,M10P05,D04
1910,2019-10-10,1990,2005,1960,2005,119574,P01,P00P01,S00P01,U04
1911,2019-10-11,2000,2025,1985,1990,102340,M05,P00M05,P10M05,U04
1912,2019-10-14,1990,2065,1960,2050,193967,P05,M00P05,S04P05,U04
1913,2019-10-15,2015,2065,2015,2050,92216,P03,P00P03,S02P03,T01
1914,2019-10-16,2050,2145,2040,2135,266640,P05,P00P05,P10P05,U04
1915,2019-10-17,2135,2150,2100,2145,109881,K01,P00K01,P10K01,D04
1916,2019-10-18,2145,2190,2125,2160,126373,P05,K00P05,P10P05,U04
1917,2019-10-21,2160,2165,2100,2130,103869,M05,P00M05,P10M05,D04
1918,2019-10-22,2130,2145,2070,2075,172098,M05,M00M05,S07M05,U04
1919,2019-10-23,2080,2100,2015,2035,86927,M05,M00M05,M10M05,D04
1920,2019-10-24,2035,2070,2000,2050,93138,P05,M00P05,M10P05,U03
1921,2019-10-25,2050,2060,2010,2015,88646,M05,P00M05,S00M05,U04
1922,2019-10-28,2005,2085,2000,2080,89796,P05,M00P05,S07P05,U04
1923,2019-10-29,2090,2135,2060,2115,131842,P05,P00P05,S02P05,U04
1924,2019-10-30,2120,2155,2080,2155,177027,P01,P00P01,P10P01,D04
1925,2019-10-31,2105,2145,2090,2120,148384,P05,P00P05,P10P05,U04
1926,2019-11-01,2140,2180,2080,2180,446088,P01,P00P01,P10P01,T01
1927,2019-11-04,2180,2245,2110,2155,755431,M05,P00M05,P10M05,U04
1928,2019-11-05,2165,2165,2105,2145,154589,M02,M00M02,S03M02,U04
1929,2019-11-06,2150,2165,2135,2155,105520,K00,M00K00,M10K00,T01
1930,2019-11-07,2160,2230,2140,2210,339481,P05,K00P05,S04P05,D04
1931,2019-11-08,2215,2215,2175,2180,112138,M01,P00M01,P10M01,U04
1932,2019-11-11,2185,2200,2140,2185,115892,K00,M00K00,S03K00,U04
1933,2019-11-12,2200,2200,2155,2190,151463,M02,K00M02,M10M02,T01
1934,2019-11-13,2185,2220,2175,2215,215796,P05,M00P05,S04P05,U03
1935,2019-11-14,2215,2285,2110,2140,576671,M05,P00M05,S02M05,T01
1936,2019-11-15,2140,2165,2075,2095,180091,M05,M00M05,S07M05,T01
1937,2019-11-18,2110,2165,2080,2160,155475,P05,M00P05,M10P05,U04
1938,2019-11-19,2145,2180,2110,2135,77927,M05,P00M05,S01M05,U02
1939,2019-11-20,2115,2140,2045,2065,153699,M05,M00M05,S06M05,U03
1940,2019-11-21,2060,2100,2025,2065,88344,K00,M00K00,M10K00,D04
1941,2019-11-22,2045,2080,2040,2070,45927,P05,K00P05,S08P05,T01
1942,2019-11-25,2070,2120,2070,2095,51057,P03,P00P03,P10P03,U02
1943,2019-11-26,2095,2240,2080,2220,443896,P05,P00P05,P10P05,U04
1944,2019-11-27,2220,2250,2195,2220,194591,K00,P00K00,P10K00,U03
1945,2019-11-28,2245,2245,2160,2175,126345,M01,K00M01,P10M01,U03
1946,2019-11-29,2170,2225,2150,2220,138513,P05,M00P05,S07P05,U04
1947,2019-12-02,2240,2240,2160,2210,125444,M01,P00M01,S00M01,D04
1948,2019-12-03,2200,2200,2120,2180,217634,M02,M00M02,S03M02,D04
1949,2019-12-04,2270,2300,2035,2050,993715,M05,M00M05,M10M05,D04
1950,2019-12-05,2095,2095,1905,2000,510285,M01,M00M01,M10M01,U04
1951,2019-12-06,2000,2020,1980,2005,160260,K00,M00K00,M10K00,U01
1952,2019-12-09,2020,2025,1885,1950,489748,M05,K00M05,S00M05,U04
1953,2019-12-10,1950,1970,1920,1960,132366,P05,M00P05,S07P05,D04
1954,2019-12-11,1950,1990,1950,1985,160494,P03,P00P03,S00P03,T01
1955,2019-12-12,1985,2025,1975,1985,190788,K02,P00K02,P10K02,U04
1956,2019-12-13,2020,2070,2005,2055,337278,P05,K00P05,P10P05,U04
1957,2019-12-16,2080,2135,2060,2110,398064,P05,P00P05,P10P05,U03
1958,2019-12-17,2130,2140,2090,2135,233172,K01,P00K01,P10K01,U04
1959,2019-12-18,2145,2410,2135,2400,2933859,P15,K00P15,P10P15,U02
1960,2019-12-19,2440,2500,2380,2490,2394861,P05,P10P05,P10P05,U01
1961,2019-12-20,2495,2540,2425,2490,1481384,M05,P00M05,P10M05,U04
1962,2019-12-23,2460,2485,2375,2475,557608,P05,M00P05,S03P05,U04
1963,2019-12-24,2470,2685,2450,2555,2451691,P05,P00P05,S08P05,U03
1964,2019-12-26,2535,2800,2535,2760,4607612,P03,P00P03,P10P03,U01
1965,2019-12-27,2755,2960,2730,2960,2556737,P01,P00P01,P10P01,U04
1966,2019-12-30,3000,3135,2905,3080,1810618,P05,P00P05,P10P05,T01
1967,2020-01-02,3080,3095,2885,3080,1603408,K01,P00K01,P10K01,U04
1968,2020-01-03,3080,3365,3005,3260,3311120,P05,K00P05,P10P05,U04
1969,2020-01-06,3230,3320,2955,3030,2427689,M05,P00M05,P10M05,D04
1970,2020-01-07,3090,3180,2860,2920,2553065,M05,M00M05,S07M05,U04
1971,2020-01-08,2900,3030,2780,2870,2385167,M05,M00M05,M10M05,T01
1972,2020-01-09,2955,3000,2820,2895,1627618,M05,M00M05,M10M05,U04
1973,2020-01-10,2885,2895,2645,2695,2273776,M05,M00M05,M10M05,U04
1974,2020-01-13,2690,2790,2650,2765,1256676,P05,M00P05,M10P05,T01
1975,2020-01-14,2790,2790,2540,2550,1878200,M01,P00M01,S00M01,U04
1976,2020-01-15,2550,2605,2515,2570,615263,P05,M00P05,S07P05,T01
1977,2020-01-16,2590,2625,2485,2535,652935,M05,P00M05,S00M05,U01
1978,2020-01-17,2550,2595,2525,2560,569185,K00,M00K00,S07K00,U04
1979,2020-01-20,2580,2650,2500,2530,770718,M05,K00M05,S01M05,U04
1980,2020-01-21,2540,2585,2430,2585,599343,P02,M00P02,S07P02,U04
1981,2020-01-22,2625,2945,2600,2810,5952561,P05,P00P05,S01P05,T01
1982,2020-01-23,2750,2795,2660,2790,1028391,P05,P00P05,P10P05,U02
1983,2020-01-28,2640,2650,2510,2575,1217051,M05,P00M05,P10M05,D04
1984,2020-01-29,2645,2790,2575,2755,763392,P05,M00P05,S07P05,U04
1985,2020-01-30,2730,2740,2525,2570,1127460,M05,P00M05,S01M05,U01
1986,2020-01-31,2615,2685,2360,2415,995518,M05,M00M05,S07M05,U03
1987,2020-02-03,2360,2480,2285,2480,629203,P01,M00P01,M10P01,D04
1988,2020-02-04,2470,2530,2455,2525,390283,P05,P00P05,S00P05,U04
1989,2020-02-05,2560,2570,2475,2485,335913,M05,P00M05,P10M05,U04
1990,2020-02-06,2520,2565,2505,2550,397588,P05,M00P05,S03P05,U04
1991,2020-02-07,2575,2575,2485,2515,343606,M01,P00M01,S01M01,U04
1992,2020-02-10,2500,2565,2430,2530,407309,P05,M00P05,S07P05,D04
1993,2020-02-11,2540,2700,2540,2645,954931,P03,P00P03,S00P03,U04
1994,2020-02-12,2660,2705,2595,2670,539879,K00,P00K00,P10K00,U02
1995,2020-02-13,2680,2780,2660,2750,1298394,P05,K00P05,P10P05,U04
1996,2020-02-14,2740,2880,2725,2855,1612984,P05,P00P05,P10P05,T01
1997,2020-02-17,2860,2890,2785,2860,914294,K00,P00K00,P10K00,T01
1998,2020-02-18,2830,2900,2710,2770,992625,M05,K00M05,P10M05,U03
1999,2020-02-19,2795,2855,2630,2680,766254,M05,M00M05,S07M05,T01
2000,2020-02-20,2700,2700,2520,2595,716630,M01,M00M01,M10M01,U04
2001,2020-02-21,2525,2645,2490,2515,411537,M05,M00M05,M10M05,D04
2002,2020-02-24,2410,2470,2315,2360,656519,M05,M00M05,M10M05,D04
2003,2020-02-25,2360,2430,2325,2400,601977,P05,M00P05,M10P05,D04
2004,2020-02-26,2335,2360,2220,2255,745394,M05,P00M05,S00M05,D04
2005,2020-02-27,2270,2290,2070,2070,869504,M03,M00M03,S07M03,U03
2006,2020-02-28,1980,2150,1980,2020,1287922,P04,M00P04,M10P04,D04
2007,2020-03-02,2025,2135,1990,2130,368961,P05,P00P05,S08P05,T01
2008,2020-03-03,2170,2220,2080,2080,538984,M03,P00M03,P10M03,U04
2009,2020-03-04,2070,2205,2050,2200,246393,P05,M00P05,S03P05,D04
2010,2020-03-05,2200,2215,2160,2205,231672,K01,P00K01,S02K01,U04
2011,2020-03-06,2115,2180,2110,2140,191310,P05,K00P05,P10P05,D04
2012,2020-03-09,2100,2125,1970,1980,506136,M05,P00M05,P10M05,D04
2013,2020-03-10,1940,1995,1890,1995,428490,P01,M00P01,S07P01,D04
2014,2020-03-11,2000,2030,1860,1875,283713,M05,P00M05,S00M05,U04
2015,2020-03-12,1820,1860,1690,1715,567686,M05,M00M05,S07M05,D04
2016,2020-03-13,1600,1620,1435,1550,715619,M05,M00M05,M10M05,D04
2017,2020-03-16,1610,1660,1470,1490,427181,M05,M00M05,M10M05,U04
2018,2020-03-17,1320,1500,1320,1435,584397,P03,M00P03,M10P03,D04
2019,2020-03-18,1440,1490,1310,1335,315780,M05,P00M05,S08M05,U04
2020,2020-03-19,1350,1390,1025,1060,940286,M15,M00M15,S03M15,D04
2021,2020-03-20,1030,1135,1030,1120,800100,P03,M10P03,M10P03,U04
2022,2020-03-23,1015,1075,1005,1010,532761,M05,P00M05,S00M05,D04
2023,2020-03-24,1030,1200,1030,1190,815266,P13,M00P13,S07P13,T01
2024,2020-03-25,1255,1500,1255,1500,1230904,P10,P10P10,S01P10,U04
2025,2020-03-26,1495,1570,1420,1515,834895,P05,P10P05,P10P05,D04
2026,2020-03-27,1555,1590,1370,1425,661310,M05,P00M05,P10M05,U04
2027,2020-03-30,1410,1410,1310,1400,467041,M02,M00M02,S07M02,D04
2028,2020-03-31,1400,1485,1385,1420,421825,P05,M00P05,M10P05,U04
2029,2020-04-01,1400,1480,1380,1385,295408,M05,P00M05,S02M05,D04
2030,2020-04-02,1390,1520,1350,1520,430023,P01,M00P01,S07P01,D04
2031,2020-04-03,1630,1920,1480,1680,2757739,P05,P00P05,S01P05,U04
2032,2020-04-06,1720,1745,1610,1715,741857,M05,P00M05,P10M05,D04
2033,2020-04-07,1775,1785,1685,1720,390880,M05,M00M05,S05M05,U04
2034,2020-04-08,1720,1740,1660,1670,319822,M05,M00M05,M10M05,D04
2035,2020-04-09,1705,1730,1670,1670,239135,M03,M00M03,M10M03,U04
2036,2020-04-10,1690,1720,1600,1655,360351,M05,M00M05,M10M05,U04
2037,2020-04-13,1655,1655,1570,1575,243683,M01,M00M01,M10M01,U04
2038,2020-04-14,1575,1625,1565,1595,224576,P05,M00P05,M10P05,U04
2039,2020-04-16,1575,1670,1540,1665,224427,P05,P00P05,S00P05,D04
2040,2020-04-17,1680,1730,1640,1705,441135,P05,P00P05,P10P05,U04
2041,2020-04-20,1740,1910,1670,1770,1173482,P05,P00P05,P10P05,U04
2042,2020-04-21,1765,1765,1590,1700,482615,M01,P00M01,P10M01,D04
2043,2020-04-22,1670,1700,1605,1700,242700,P02,M00P02,S07P02,D04
2044,2020-04-23,1730,1730,1680,1700,204042,M01,P00M01,S08M01,U04
2045,2020-04-24,1700,1705,1645,1660,180118,M05,M00M05,S03M05,T01
2046,2020-04-27,1660,1720,1655,1700,154500,P05,M00P05,M10P05,U04
2047,2020-04-28,1720,1730,1665,1725,337297,K01,P00K01,S02K01,U04
2048,2020-04-29,1740,1780,1725,1775,383895,P05,K00P05,P10P05,D04
2049,2020-05-04,1720,1775,1700,1720,281435,K00,P00K00,P10K00,D04
2050,2020-05-06,1705,1745,1695,1725,179637,P05,K00P05,P10P05,U04
2051,2020-05-07,1715,1800,1715,1785,252275,P03,P00P03,P10P03,U04
2052,2020-05-08,1785,1875,1780,1845,460896,P05,P00P05,P10P05,U04
2053,2020-05-11,1875,1955,1860,1910,960466,P05,P00P05,P10P05,U04
2054,2020-05-12,1900,1910,1785,1805,443741,M05,P00M05,P10M05,U04
2055,2020-05-13,1760,1825,1750,1825,240054,P01,M00P01,S07P01,D04
2056,2020-05-14,1785,1825,1770,1790,114605,K00,P00K00,S00K00,D04
2057,2020-05-15,1775,1880,1695,1840,627312,P05,K00P05,P10P05,U04
2058,2020-05-18,1840,1850,1785,1845,228548,K01,P00K01,P10K01,U04
2059,2020-05-19,1850,1930,1815,1910,483836,P05,K00P05,P10P05,U04
2060,2020-05-20,1930,1950,1890,1900,402070,M05,P00M05,P10M05,D04
2061,2020-05-21,1905,1930,1865,1910,251323,K00,M00K00,S03K00,U04
2062,2020-05-22,1915,1930,1825,1880,237347,M05,K00M05,S01M05,D04
2063,2020-05-25,1860,1890,1830,1885,217918,P05,M00P05,S07P05,D04
2064,2020-05-26,1875,1970,1850,1965,574226,P05,P00P05,S00P05,U04
2065,2020-05-27,1965,1995,1920,1945,407160,M05,P00M05,P10M05,U03
2066,2020-05-28,1965,1970,1835,1895,218723,M05,M00M05,S03M05,U04
2067,2020-05-29,1855,1900,1805,1875,122054,P05,M00P05,M10P05,D04
2068,2020-06-01,1875,1910,1870,1885,152904,P05,P00P05,S08P05,U04
2069,2020-06-02,1900,1950,1890,1920,312700,P05,P00P05,P10P05,U04
2070,2020-06-03,1960,1960,1910,1940,309961,M01,P00M01,P10M01,U04
2071,2020-06-04,1935,1965,1895,1925,199736,M05,M00M05,S05M05,U04
2072,2020-06-05,1925,1950,1895,1930,236921,K00,M00K00,M10K00,D04
2073,2020-06-08,1950,1950,1910,1925,114298,M01,K00M01,S04M01,U04
2074,2020-06-09,1925,1935,1880,1890,132417,M05,M00M05,S07M05,U04
2075,2020-06-10,1890,1910,1860,1890,92560,K00,M00K00,M10K00,U04
2076,2020-06-11,1880,1895,1825,1860,196691,M05,K00M05,M10M05,U04
2077,2020-06-12,1700,1795,1700,1780,331524,P03,M00P03,S07P03,D04
2078,2020-06-15,1770,1770,1615,1645,253585,M01,P00M01,S08M01,U04
2079,2020-06-16,1665,1735,1665,1710,148466,P03,M00P03,S07P03,U04
2080,2020-06-17,1720,1745,1645,1720,170861,K00,P00K00,S01K00,U04
2081,2020-06-18,1690,1745,1640,1680,430232,M05,K00M05,P10M05,U02
2082,2020-06-19,1685,1745,1650,1700,112989,P05,M00P05,S07P05,U04
2083,2020-06-22,1695,1705,1645,1675,134920,M05,P00M05,S01M05,T01
2084,2020-06-23,1685,1690,1640,1655,196679,M05,M00M05,S07M05,U04
2085,2020-06-24,1660,1725,1660,1705,159689,P03,M00P03,M10P03,U04
2086,2020-06-25,1680,1735,1660,1725,184545,P05,P00P05,S01P05,D04
2087,2020-06-26,1725,1730,1670,1680,234722,M05,P00M05,P10M05,U04
2088,2020-06-29,1665,1690,1615,1635,227431,M05,M00M05,S07M05,D04
2089,2020-06-30,1635,1670,1635,1665,103054,P03,M00P03,M10P03,U04
2090,2020-07-01,1660,1690,1640,1660,123775,K00,P00K00,S02K00,U04
2091,2020-07-02,1640,1695,1640,1665,81541,P03,K00P03,P10P03,U04
2092,2020-07-03,1670,1690,1660,1675,64969,K00,P00K00,P10K00,U04
2093,2020-07-06,1675,1730,1650,1730,136536,P01,K00P01,P10P01,U04
2094,2020-07-07,1720,1730,1685,1710,103612,M05,P00M05,P10M05,U04
2095,2020-07-08,1705,1710,1670,1680,95078,M05,M00M05,S06M05,D04
2096,2020-07-09,1705,1735,1680,1695,178145,M05,M00M05,M10M05,U04
2097,2020-07-10,1685,1700,1665,1670,80780,M05,M00M05,M10M05,U04
2098,2020-07-13,1680,1685,1645,1675,95693,M05,M00M05,M10M05,U04
2099,2020-07-14,1665,1680,1640,1670,97319,K00,M00K00,S04K00,D04
2100,2020-07-15,1665,1695,1665,1685,183420,P03,K00P03,S04P03,U04
2101,2020-07-16,1685,1740,1665,1685,242375,K00,P00K00,P10K00,U04
2102,2020-07-17,1690,1695,1665,1690,89790,K01,K00K01,P10K01,D04
2103,2020-07-20,1690,1695,1670,1675,90857,M05,K00M05,S04M05,U04
2104,2020-07-21,1695,1735,1680,1735,326905,P01,M00P01,S04P01,U04
2105,2020-07-22,1730,1740,1690,1725,183684,M05,P00M05,S01M05,D04
2106,2020-07-23,1725,1725,1680,1725,131514,K01,M00K01,S06K01,U03
2107,2020-07-24,1710,1715,1680,1690,190106,M05,K00M05,S04M05,D04
2108,2020-07-27,1680,1705,1670,1700,120171,P05,M00P05,S07P05,D04
2109,2020-07-28,1700,1800,1695,1725,399108,P05,P00P05,S00P05,U04
2110,2020-07-29,1740,1745,1700,1710,146295,M05,P00M05,P10M05,D04
2111,2020-07-30,1710,1990,1710,1910,2772288,P13,M00P13,S03P13,U04
2112,2020-07-31,1970,1975,1875,1915,938643,M05,P10M05,S02M05,U04
2113,2020-08-03,1920,1925,1860,1895,333310,M05,M00M05,S05M05,U04
2114,2020-08-04,1860,1930,1860,1900,234945,P03,M00P03,M10P03,U04
2115,2020-08-05,1900,1920,1845,1875,290539,M05,P00M05,S00M05,U04
2116,2020-08-06,1880,1915,1840,1895,267644,P05,M00P05,S03P05,U04
2117,2020-08-07,1880,1905,1800,1855,395797,M05,P00M05,S01M05,U04
2118,2020-08-10,1855,1875,1800,1825,214001,M05,M00M05,S07M05,D04
2119,2020-08-11,1820,1845,1780,1795,324863,M05,M00M05,M10M05,D04
2120,2020-08-12,1795,1805,1740,1770,189794,M05,M00M05,M10M05,D04
2121,2020-08-13,1810,1815,1760,1790,207749,M05,M00M05,M10M05,U04
2122,2020-08-14,1810,1810,1700,1720,385869,M01,M00M01,M10M01,U03
2123,2020-08-18,1685,1720,1585,1650,608677,M05,M00M05,M10M05,U04
2124,2020-08-19,1650,1700,1605,1670,381534,P05,M00P05,M10P05,U04
2125,2020-08-20,1675,1675,1545,1560,278420,M01,P00M01,S00M01,D04
2126,2020-08-21,1585,1600,1540,1550,131376,M05,M00M05,S07M05,U04
2127,2020-08-24,1530,1565,1530,1545,116263,P03,M00P03,M10P03,U04
2128,2020-08-25,1560,1615,1545,1600,99882,P05,P00P05,S08P05,U04
2129,2020-08-26,1610,1610,1565,1575,93604,M01,P00M01,P10M01,U04
2130,2020-08-27,1575,1625,1535,1625,285130,P01,M00P01,S03P01,U04
2131,2020-08-28,1635,1635,1600,1620,128576,M01,P00M01,S02M01,D04
2132,2020-08-31,1630,1665,1600,1605,86905,M05,M00M05,S03M05,U04
2133,2020-09-01,1605,1660,1600,1650,189603,P05,M00P05,M10P05,U04
2134,2020-09-02,1670,1675,1615,1655,150139,M05,P00M05,S02M05,U04
2135,2020-09-03,1690,1725,1655,1710,290046,P05,M00P05,S05P05,U04
2136,2020-09-04,1600,1690,1580,1685,149010,P05,P00P05,S01P05,D04
2137,2020-09-07,1685,1705,1655,1675,161105,M05,P00M05,P10M05,D04
2138,2020-09-08,1670,1735,1665,1710,306504,P05,M00P05,S03P05,D04
2139,2020-09-09,1710,1725,1675,1715,163189,K01,P00K01,S02K01,D04
2140,2020-09-10,1730,1815,1720,1810,508669,P05,K00P05,P10P05,U04
2141,2020-09-11,1865,1955,1795,1860,1196171,M05,P00M05,P10M05,D04
2142,2020-09-14,1855,1860,1795,1825,505956,M05,M00M05,S05M05,D04
2143,2020-09-15,1875,1880,1815,1825,326428,M05,M00M05,M10M05,U04
2144,2020-09-16,1830,1845,1785,1800,282081,M05,M00M05,M10M05,U04
2145,2020-09-17,1825,1825,1735,1745,259090,M01,M00M01,M10M01,D04
2146,2020-09-18,1750,1770,1700,1720,404067,M05,M00M05,M10M05,D04
2147,2020-09-21,1725,1760,1665,1725,211635,K00,M00K00,M10K00,D04
2148,2020-09-22,1705,1715,1645,1660,217722,M05,K00M05,M10M05,T01
2149,2020-09-23,1675,1690,1600,1620,205862,M05,M00M05,S07M05,U04
2150,2020-09-24,1590,1650,1565,1620,245856,P05,M00P05,M10P05,D04
2151,2020-09-25,1610,1700,1580,1620,85006,P05,P00P05,S08P05,U04
2152,2020-09-28,1620,1665,1615,1655,83905,P05,P00P05,P10P05,U04
2153,2020-09-29,1655,1680,1640,1670,128406,P05,P00P05,P10P05,U04
2154,2020-10-05,1670,1720,1665,1700,160658,P05,P00P05,P10P05,D04
2155,2020-10-06,1715,1715,1690,1705,109167,M01,P00M01,P10M01,U04
2156,2020-10-07,1685,1705,1675,1705,187001,P01,M00P01,S05P01,D04
2157,2020-10-08,1725,1795,1710,1760,350719,P05,P00P05,S08P05,U04
2158,2020-10-12,1785,1785,1730,1775,164094,M02,P00M02,P10M02,U04
2159,2020-10-13,1780,1790,1735,1780,371168,K01,M00K01,S05K01,U04
2160,2020-10-14,1775,1780,1690,1705,336120,M05,K00M05,S04M05,T01
2161,2020-10-15,1725,1750,1680,1720,176083,M05,M00M05,S07M05,D04
2162,2020-10-16,1725,1730,1645,1675,162213,M05,M00M05,M10M05,D04
2163,2020-10-19,1675,1700,1665,1690,83204,P05,M00P05,M10P05,D04
2164,2020-10-20,1700,1740,1660,1730,308920,P05,P00P05,S00P05,D04
2165,2020-10-21,1740,1785,1705,1765,651407,P05,P00P05,P10P05,U04
2166,2020-10-22,1800,1820,1695,1705,662739,M05,P00M05,P10M05,D04
2167,2020-10-23,1730,1730,1680,1695,123892,M01,M00M01,S07M01,U03
2168,2020-10-26,1670,1700,1630,1645,446384,M05,M00M05,M10M05,U04
2169,2020-10-27,1640,1660,1600,1645,283492,K00,M00K00,M10K00,D04
2170,2020-10-28,1650,1650,1595,1625,192393,M01,K00M01,S08M01,U04
2171,2020-10-29,1590,1695,1555,1665,290449,P05,M00P05,S07P05,D04
2172,2020-10-30,1655,1995,1640,1650,2779862,M05,P00M05,S02M05,U04
2173,2020-11-02,1680,1775,1645,1720,455009,P05,M00P05,S06P05,D04
2174,2020-11-03,1740,1770,1675,1735,350196,M05,P00M05,S01M05,U04
2175,2020-11-04,1745,1765,1700,1745,255681,K00,M00K00,S05K00,U04
2176,2020-11-05,1790,1875,1750,1865,1131982,P05,K00P05,S04P05,U04
2177,2020-11-06,1910,1915,1795,1835,863488,M05,P00M05,P10M05,U04
2178,2020-11-09,1835,1890,1815,1835,318831,K00,M00K00,S03K00,U01
2179,2020-11-10,1875,1945,1825,1930,846085,P05,,,
2180,2020-11-11,1945,1980,1855,1880,899431,M05,,,
2181,2020-11-12,1870,1955,1860,1925,338151,P05,,,
2182,2020-11-13,1920,2050,1885,1960,1498973,P05,,,
2183,2020-11-16,1970,2175,1970,2125,2577368,P03,,,
2184,2020-11-17,2130,2185,2065,2115,1007446,M05
2185,2020-11-18,-1,-1,-1,-1,-1,P10
