,date,open,high,low,close,volume,pattern1,pattern2,pattern3,nasdaq
0,2012-01-02,2740,2740,2630,2640,100509,M01,,,
1,2012-01-03,2655,2700,2600,2615,135824,M05,M00M05,,
2,2012-01-04,2635,2670,2605,2625,80648,M05,M00M05,M10M05,U04
3,2012-01-05,2615,2675,2610,2650,81202,P05,M00P05,M10P05,T01
4,2012-01-06,2650,2660,2610,2610,66148,M03,P00M03,S02M03,U04
5,2012-01-09,2615,2635,2600,2600,68523,M03,M00M03,S07M03,U02
6,2012-01-10,2610,2650,2605,2650,44308,P01,M00P01,M10P01,U01
7,2012-01-11,2635,2655,2620,2625,32462,M05,P00M05,S01M05,U04
8,2012-01-12,2650,2660,2625,2650,78917,K00,M00K00,S06K00,U04
9,2012-01-13,2665,2665,2625,2630,42420,M01,K00M01,S04M01,U04
10,2012-01-16,2625,2670,2625,2655,70931,P03,M00P03,S07P03,U04
11,2012-01-17,2640,2685,2640,2670,69130,P03,P00P03,S00P03,D04
12,2012-01-18,2690,2690,2625,2645,99460,M01,P00M01,P10M01,U04
13,2012-01-19,2645,2685,2640,2660,51473,P05,M00P05,S03P05,U04
14,2012-01-20,2655,2700,2655,2685,93072,P03,P00P03,S00P03,U04
15,2012-01-25,2710,2785,2690,2770,160477,P05,P00P05,P10P05,U01
16,2012-01-26,2770,2800,2755,2785,76745,P05,P00P05,P10P05,U04
17,2012-01-27,2800,2820,2755,2770,78670,M05,P00M05,P10M05,D04
18,2012-01-30,2785,2785,2725,2745,74131,M01,M00M01,S07M01,U04
19,2012-01-31,2750,2790,2740,2770,79406,P05,M00P05,M10P05,T01
20,2012-02-01,2770,2840,2755,2780,112761,K00,P00K00,S01K00,U01
21,2012-02-02,2795,2825,2780,2825,93180,P01,K00P01,P10P01,U04
22,2012-02-03,2845,2845,2800,2815,56211,M01,P00M01,P10M01,U04
23,2012-02-06,2820,2880,2820,2850,132454,P03,M00P03,S03P03,U04
24,2012-02-07,2855,2865,2825,2860,30986,K01,P00K01,S01K01,T01
25,2012-02-08,2865,2930,2845,2875,103446,K00,K00K00,P10K00,U01
26,2012-02-09,2875,2915,2870,2905,57611,P05,K00P05,S04P05,U04
27,2012-02-10,2910,2925,2885,2900,67351,M05,P00M05,P10M05,U04
28,2012-02-13,2900,2915,2870,2870,78420,M03,M00M03,S03M03,D04
29,2012-02-14,2875,2880,2845,2865,104022,M05,M00M05,M10M05,U04
30,2012-02-15,2865,2875,2850,2860,61110,M05,M00M05,M10M05,T01
31,2012-02-16,2865,2870,2850,2850,55240,M03,M00M03,S04M03,D04
32,2012-02-17,2860,2895,2860,2880,65449,P03,M00P03,S04P03,U04
33,2012-02-20,2920,3080,2910,3020,187241,P05,P00P05,S01P05,U04
34,2012-02-21,3070,3070,2950,2995,239451,M01,P00M01,P10M01,T01
35,2012-02-22,2990,3060,2990,3040,142817,P03,M00P03,S03P03,T01
36,2012-02-23,2980,3015,2935,2990,236939,K00,P00K00,S00K00,D04
37,2012-02-24,3035,3035,2980,2990,108975,M01,K00M01,P10M01,U04
38,2012-02-27,2990,3010,2940,2945,120435,M05,M00M05,S03M05,U03
39,2012-02-28,2930,3020,2930,3015,180262,P03,M00P03,M10P03,U01
40,2012-02-29,3030,3195,3020,3060,259180,P05,P00P05,S02P05,U04
41,2012-03-02,3100,3165,3070,3080,188144,M05,P00M05,P10M05,U04
42,2012-03-05,3115,3140,3070,3090,70692,M05,M00M05,S05M05,D04
43,2012-03-06,3070,3095,3010,3050,59179,M05,M00M05,M10M05,D04
44,2012-03-07,2980,3085,2970,3050,31389,P05,M00P05,M10P05,D04
45,2012-03-08,3075,3075,2990,3030,68842,M01,P00M01,S08M01,U04
46,2012-03-09,3045,3045,2970,2990,97670,M01,M00M01,S03M01,U04
47,2012-03-12,3025,3025,2985,3025,70322,K01,M00K01,M10K01,U04
48,2012-03-13,3030,3030,3005,3005,27831,M00,K00M00,M10M00,T01
49,2012-03-14,3005,3030,3000,3005,48370,K02,M00K02,S04K02,U04
50,2012-03-15,3005,3020,2950,2950,68038,M03,K00M03,S04M03,T01
51,2012-03-16,2985,2990,2910,2920,95985,M05,M00M05,S07M05,U04
52,2012-03-19,2915,2945,2880,2905,82616,M05,M00M05,M10M05,T01
53,2012-03-20,2965,2965,2855,2890,105712,M01,M00M01,M10M01,U04
54,2012-03-21,2900,2900,2835,2850,44670,M01,M00M01,M10M01,T01
55,2012-03-22,2880,2880,2810,2810,97624,M00,M00M00,M10M00,U01
56,2012-03-23,2835,2845,2800,2815,51232,M05,M00M05,M10M05,D04
57,2012-03-26,2840,2840,2770,2800,48740,M01,M00M01,M10M01,U02
58,2012-03-27,2790,2800,2730,2750,81264,M05,M00M05,M10M05,U04
59,2012-03-28,2750,2755,2700,2730,53127,M05,M00M05,M10M05,T01
60,2012-03-29,2800,2800,2725,2730,44900,M01,M00M01,M10M01,D04
61,2012-03-30,2790,2790,2750,2780,22911,M02,M00M02,M10M02,D04
62,2012-04-02,2815,2870,2785,2855,55589,P05,M00P05,M10P05,T01
63,2012-04-03,2850,2870,2800,2865,37010,P05,P00P05,S01P05,U04
64,2012-04-04,2810,2855,2800,2825,30921,P05,P00P05,P10P05,T01
65,2012-04-05,2825,2825,2765,2820,33780,M02,P00M02,P10M02,D04
66,2012-04-06,2830,2830,2755,2760,56384,M01,M00M01,S04M01,D04
67,2012-04-09,2765,2785,2710,2720,72157,M05,M00M05,M10M05,U04
68,2012-04-10,2755,2755,2700,2735,41800,M01,M00M01,M10M01,D04
69,2012-04-12,2735,2760,2700,2725,18528,M05,M00M05,M10M05,U04
70,2012-04-13,2725,2760,2700,2760,47041,P01,M00P01,M10P01,U04
71,2012-04-16,2760,2765,2740,2755,17260,M05,P00M05,S02M05,D04
72,2012-04-17,2775,2815,2715,2810,68410,P05,M00P05,S03P05,D04
73,2012-04-18,2810,2830,2775,2790,18581,M05,P00M05,S01M05,U04
74,2012-04-19,2760,2815,2760,2785,18660,P03,M00P03,S03P03,D04
75,2012-04-20,2820,2820,2760,2760,20991,M00,P00M00,S08M00,D04
76,2012-04-23,2770,2790,2750,2785,23632,P05,M00P05,S07P05,T01
77,2012-04-24,2785,2785,2740,2760,32712,M01,P00M01,S01M01,D04
78,2012-04-25,2785,2785,2710,2725,60681,M01,M00M01,S04M01,D04
79,2012-04-26,2725,2765,2685,2685,40369,M03,M00M03,M10M03,U04
80,2012-04-27,2700,2700,2640,2675,88130,M01,M00M01,M10M01,U04
81,2012-04-30,2695,2695,2600,2620,56972,M01,M00M01,M10M01,U04
82,2012-05-02,2630,2645,2565,2630,89914,K01,M00K01,M10K01,U02
83,2012-05-03,2660,2660,2620,2640,14170,M01,K00M01,M10M01,U04
84,2012-05-04,2640,2655,2630,2650,8900,K01,M00K01,S05K01,D04
85,2012-05-07,2645,2645,2590,2635,34392,M02,K00M02,S04M02,D04
86,2012-05-08,2620,2640,2620,2630,21970,K00,M00K00,S04K00,U01
87,2012-05-09,2660,2660,2625,2625,23530,M00,K00M00,S04M00,D04
88,2012-05-10,2620,2650,2615,2650,26052,P01,M00P01,S03P01,D04
89,2012-05-11,2660,2680,2595,2645,41204,M05,P00M05,S00M05,T01
90,2012-05-14,2650,2690,2615,2690,79824,P01,M00P01,S03P01,T01
91,2012-05-15,2700,2900,2675,2720,152679,P05,P00P05,S01P05,D04
92,2012-05-16,2730,2750,2615,2660,78538,M05,P00M05,P10M05,D04
93,2012-05-17,2640,2700,2640,2660,38744,P04,M00P04,S07P04,D04
94,2012-05-18,2650,2650,2550,2580,103926,M01,P00M01,S08M01,D04
95,2012-05-21,2585,2595,2560,2570,29842,M05,M00M05,S07M05,D04
96,2012-05-22,2575,2635,2575,2635,41084,P00,M00P00,M10P00,U04
97,2012-05-23,2640,2640,2585,2610,26123,M01,P00M01,S01M01,D04
98,2012-05-24,2600,2625,2585,2600,27520,K00,M00K00,S03K00,U04
99,2012-05-25,2590,2610,2585,2590,18919,K02,K00K02,M10K02,D04
100,2012-05-29,2585,2610,2570,2600,24555,P05,K00P05,S04P05,T01
101,2012-05-30,2600,2620,2585,2590,21929,M05,P00M05,S04M05,U04
102,2012-05-31,2580,2580,2510,2535,88356,M01,M00M01,S04M01,D04
103,2012-06-01,2550,2610,2540,2595,37844,P05,M00P05,M10P05,D04
104,2012-06-04,2575,2575,2490,2500,111010,M01,P00M01,S01M01,D04
105,2012-06-05,2500,2525,2490,2515,41790,P05,M00P05,S07P05,U04
106,2012-06-07,2525,2560,2515,2540,63492,P05,P00P05,S00P05,U04
107,2012-06-08,2540,2550,2525,2540,18983,K00,P00K00,P10K00,D04
108,2012-06-11,2545,2630,2545,2605,46302,P03,K00P03,S04P03,U04
109,2012-06-12,2570,2600,2560,2595,13370,P05,P00P05,P10P05,D04
110,2012-06-13,2595,2655,2590,2650,54520,P05,P00P05,P10P05,U04
111,2012-06-14,2650,2660,2605,2640,21099,M05,P00M05,P10M05,D04
112,2012-06-15,2650,2665,2620,2645,40638,M05,M00M05,S03M05,U04
113,2012-06-18,2670,2670,2640,2650,44387,M01,M00M01,S04M01,U04
114,2012-06-19,2665,2665,2635,2650,10500,M01,M00M01,S04M01,U04
115,2012-06-20,2650,2665,2625,2635,23248,M05,M00M05,S04M05,U04
116,2012-06-21,2660,2675,2635,2660,10297,K00,M00K00,M10K00,T01
117,2012-06-22,2620,2655,2615,2635,15346,P05,K00P05,S04P05,D04
118,2012-06-25,2635,2655,2625,2635,9380,K00,P00K00,P10K00,U04
119,2012-06-26,2630,2640,2610,2630,11563,K00,K00K00,S04K00,D04
120,2012-06-27,2625,2640,2600,2625,58730,K00,K00K00,S04K00,U04
121,2012-06-28,2640,2640,2605,2625,28106,M01,K00M01,S04M01,U04
122,2012-06-29,2625,2660,2610,2650,45440,P05,M00P05,S04P05,D04
123,2012-07-02,2650,2685,2650,2655,24070,K02,P00K02,S04K02,U04
124,2012-07-03,2680,2690,2650,2665,21120,M05,K00M05,P10M05,U04
125,2012-07-04,2665,2690,2665,2680,15491,P03,M00P03,S05P03,U04
126,2012-07-05,2690,2690,2650,2670,32271,M01,P00M01,S04M01,U04
127,2012-07-06,2685,2685,2635,2660,30780,M01,M00M01,S04M01,T01
128,2012-07-09,2660,2835,2660,2795,109302,P03,M00P03,M10P03,D04
129,2012-07-10,2850,2850,2695,2710,137619,M01,P00M01,S02M01,T01
130,2012-07-11,2700,2740,2700,2710,41420,K00,M00K00,S03K00,D04
131,2012-07-12,2715,2750,2585,2605,322800,M05,K00M05,S08M05,D04
132,2012-07-13,2610,2610,2540,2580,253229,M01,M00M01,S07M01,D04
133,2012-07-16,2615,2615,2545,2550,166060,M01,M00M01,M10M01,U04
134,2012-07-17,2560,2570,2525,2555,179112,M05,M00M05,M10M05,D04
135,2012-07-18,2560,2575,2500,2525,395113,M05,M00M05,M10M05,U04
136,2012-07-19,2510,2540,2495,2495,349150,M04,M00M04,M10M04,U04
137,2012-07-20,2500,2500,2425,2460,400821,M01,M00M01,M10M01,U04
138,2012-07-23,2435,2455,2390,2420,172724,M05,M00M05,M10M05,D04
139,2012-07-24,2410,2445,2410,2435,95101,P03,M00P03,M10P03,D04
140,2012-07-25,2450,2450,2395,2400,72810,M01,P00M01,S02M01,D04
141,2012-07-26,2405,2435,2400,2425,40040,P05,M00P05,S07P05,D04
142,2012-07-27,2435,2480,2430,2470,80340,P05,P00P05,S01P05,U04
143,2012-07-30,2480,2500,2480,2495,31831,P03,P00P03,P10P03,U04
144,2012-07-31,2495,2505,2480,2500,33996,K01,P00K01,P10K01,D04
145,2012-08-01,2475,2505,2475,2495,23802,P03,K00P03,S04P03,T01
146,2012-08-02,2480,2530,2480,2520,43040,P03,P00P03,P10P03,D04
147,2012-08-03,2500,2520,2480,2500,45261,K00,P00K00,P10K00,D04
148,2012-08-06,2510,2530,2480,2500,57491,M05,K00M05,P10M05,U04
149,2012-08-07,2500,2510,2485,2495,34769,M05,M00M05,S04M05,U04
150,2012-08-08,2500,2530,2500,2520,59562,P03,M00P03,S04P03,U04
151,2012-08-09,2530,2565,2525,2540,52970,K00,P00K00,S04K00,T01
152,2012-08-10,2545,2560,2530,2540,84642,M05,K00M05,P10M05,U03
153,2012-08-13,2550,2560,2520,2550,45624,K00,M00K00,S04K00,U01
154,2012-08-14,2540,2570,2535,2550,52730,K00,K00K00,S04K00,U01
155,2012-08-16,2550,2555,2510,2530,75819,M05,K00M05,S04M05,U04
156,2012-08-17,2530,2540,2520,2535,66423,K00,M00K00,S04K00,U04
157,2012-08-20,2535,2540,2515,2535,61895,K01,K00K01,S04K01,U04
158,2012-08-21,2540,2555,2535,2540,74889,K00,K00K00,S04K00,T01
159,2012-08-22,2560,2560,2535,2550,52429,M01,K00M01,S04M01,D04
160,2012-08-23,2555,2565,2540,2560,40219,K01,M00K01,S04K01,U03
161,2012-08-24,2555,2570,2550,2555,38138,K00,K00K00,S04K00,D04
162,2012-08-27,2555,2585,2555,2565,70211,K00,K00K00,S04K00,U04
163,2012-08-28,2560,2590,2560,2575,26380,P03,K00P03,S04P03,U02
164,2012-08-29,2575,2600,2575,2590,56702,P03,P00P03,S04P03,U02
165,2012-08-30,2570,2570,2500,2535,186276,M01,P00M01,P10M01,U02
166,2012-08-31,2530,2540,2510,2530,81091,K00,M00K00,S07K00,D04
167,2012-09-03,2530,2560,2505,2525,94795,M05,K00M05,M10M05,D04
168,2012-09-04,2515,2540,2495,2520,84186,K00,M00K00,S04K00,U04
169,2012-09-05,2500,2515,2485,2500,83125,K00,K00K00,S04K00,U03
170,2012-09-06,2495,2510,2495,2510,50192,P00,K00P00,S04P00,T01
171,2012-09-07,2520,2520,2485,2510,100437,M02,P00M02,S04M02,U04
172,2012-09-10,2510,2550,2495,2510,55281,K00,M00K00,S04K00,T01
173,2012-09-11,2505,2515,2500,2515,16080,K01,K00K01,S04K01,D04
174,2012-09-12,2515,2535,2515,2530,63750,P03,K00P03,S04P03,T01
175,2012-09-13,2540,2555,2520,2540,68421,K00,P00K00,S04K00,U04
176,2012-09-14,2540,2580,2540,2575,100069,P03,K00P03,S04P03,U04
177,2012-09-17,2595,2595,2565,2575,70347,M01,P00M01,P10M01,U04
178,2012-09-18,2565,2630,2565,2605,91293,P03,M00P03,S03P03,T01
179,2012-09-19,2625,2685,2600,2670,156808,P05,P00P05,S02P05,T01
180,2012-09-20,2665,2680,2650,2665,49351,K00,P00K00,P10K00,U02
181,2012-09-21,2675,2690,2660,2690,64052,P01,K00P01,P10P01,T01
182,2012-09-24,2690,2720,2670,2700,76178,K00,P00K00,S04K00,U02
183,2012-09-25,2700,2705,2570,2620,134520,M05,K00M05,S04M05,D04
184,2012-09-26,2590,2625,2590,2625,38630,P00,M00P00,S07P00,D04
185,2012-09-27,2600,2620,2570,2590,81565,M05,P00M05,S00M05,D04
186,2012-09-28,2600,2600,2560,2590,46740,M02,M00M02,S07M02,U04
187,2012-10-02,2590,2595,2555,2570,50171,M05,M00M05,S04M05,T01
188,2012-10-04,2570,2575,2555,2565,76862,M05,M00M05,M10M05,U04
189,2012-10-05,2575,2575,2545,2550,91778,M01,M00M01,S04M01,U04
190,2012-10-08,2550,2560,2535,2540,83531,M05,M00M05,S04M05,D04
191,2012-10-09,2535,2545,2510,2520,114881,M05,M00M05,M10M05,D04
192,2012-10-10,2520,2525,2490,2495,100992,M05,M00M05,M10M05,D04
193,2012-10-11,2495,2540,2490,2505,94792,K00,M00K00,M10K00,D04
194,2012-10-12,2515,2550,2485,2500,70800,M05,K00M05,S04M05,T01
195,2012-10-15,2530,2530,2480,2505,105761,M01,M00M01,S04M01,T01
196,2012-10-16,2515,2525,2495,2510,52511,M05,M00M05,M10M05,U04
197,2012-10-17,2510,2545,2505,2520,62171,K00,M00K00,S04K00,U04
198,2012-10-18,2520,2530,2480,2510,107064,M05,K00M05,S04M05,U02
199,2012-10-19,2510,2515,2485,2495,37302,M05,M00M05,S04M05,D04
200,2012-10-22,2490,2520,2480,2500,40543,K00,M00K00,S04K00,D04
201,2012-10-23,2500,2500,2470,2485,62310,M01,K00M01,S04M01,U04
202,2012-10-24,2485,2505,2460,2465,95089,M05,M00M05,S04M05,D04
203,2012-10-25,2475,2525,2460,2515,89513,P05,M00P05,M10P05,D04
204,2012-10-26,2530,2540,2465,2490,74829,M05,P00M05,S01M05,U02
205,2012-10-29,2480,2510,2470,2490,48106,K00,M00K00,S03K00,U02
206,2012-10-30,2495,2500,2475,2490,50874,M05,K00M05,S08M05,U02
207,2012-10-31,2495,2495,2480,2495,38115,K01,M00K01,S04K01,U01
208,2012-11-01,2505,2505,2470,2500,71601,M02,K00M02,S04M02,D04
209,2012-11-02,2505,2510,2490,2510,26922,K01,M00K01,S04K01,U04
210,2012-11-05,2505,2530,2485,2500,51820,M05,K00M05,S04M05,D04
211,2012-11-06,2510,2510,2475,2500,55067,M02,M00M02,S04M02,U04
212,2012-11-07,2505,2505,2475,2495,42901,M02,M00M02,S04M02,U04
213,2012-11-08,2485,2495,2470,2480,62630,M05,M00M05,S04M05,D04
214,2012-11-09,2475,2485,2470,2485,22530,K01,M00K01,M10K01,D04
215,2012-11-12,2475,2490,2450,2465,73462,M05,K00M05,S04M05,U04
216,2012-11-13,2460,2475,2405,2445,86881,M05,M00M05,S04M05,T01
217,2012-11-14,2445,2450,2410,2430,30136,M05,M00M05,M10M05,D04
218,2012-11-15,2410,2430,2385,2415,58452,K00,M00K00,M10K00,D04
219,2012-11-16,2400,2420,2365,2385,69928,M05,K00M05,S08M05,D04
220,2012-11-19,2385,2385,2340,2355,92940,M01,M00M01,S07M01,U04
221,2012-11-20,2335,2390,2335,2390,47981,P00,M00P00,M10P00,U04
222,2012-11-21,2390,2415,2355,2375,40458,M05,P00M05,S02M05,T01
223,2012-11-22,2370,2400,2345,2370,35266,K00,M00K00,S03K00,T01
224,2012-11-23,2510,2550,2450,2470,312056,M05,K00M05,S04M05,U04
225,2012-11-26,2455,2470,2420,2430,94462,M05,M00M05,S05M05,U04
226,2012-11-27,2435,2455,2415,2415,51091,M03,M00M03,M10M03,U04
227,2012-11-28,2420,2460,2415,2420,58678,K02,M00K02,M10K02,D04
228,2012-11-29,2450,2470,2425,2455,48078,K00,K00K00,S04K00,U04
229,2012-11-30,2455,2490,2455,2460,105154,K02,K00K02,P10K02,U04
230,2012-12-03,2465,2485,2450,2460,55224,M05,K00M05,S04M05,T01
231,2012-12-04,2465,2465,2440,2455,31290,M01,M00M01,S04M01,T01
232,2012-12-05,2460,2480,2445,2480,52191,P01,M00P01,S04P01,T01
233,2012-12-06,2485,2520,2470,2505,74850,P05,P00P05,S01P05,D04
234,2012-12-07,2515,2515,2480,2490,33960,M01,P00M01,P10M01,U04
235,2012-12-10,2500,2500,2440,2480,99111,M02,M00M02,S03M02,D04
236,2012-12-11,2470,2480,2415,2450,196713,M05,M00M05,M10M05,U04
237,2012-12-12,2450,2465,2410,2455,110943,K01,M00K01,M10K01,U04
238,2012-12-13,2445,2455,2415,2445,65972,K00,K00K00,S04K00,D04
239,2012-12-14,2445,2465,2435,2455,108991,K00,K00K00,S04K00,D04
240,2012-12-17,2455,2530,2445,2510,59051,P05,K00P05,S04P05,D04
241,2012-12-18,2485,2520,2445,2480,112168,M05,P00M05,P10M05,U04
242,2012-12-20,2500,2500,2465,2490,50665,M02,M00M02,S06M02,D04
243,2012-12-21,2495,2505,2475,2500,88571,K01,M00K01,S04K01,U03
244,2012-12-24,2590,2590,2535,2540,264372,M01,K00M01,S04M01,D04
245,2012-12-26,2550,2565,2525,2555,194698,K00,M00K00,S05K00,D04
246,2012-12-27,2435,2485,2425,2430,173171,M05,K00M05,S01M05,D04
247,2012-12-28,2440,2450,2410,2440,68162,K00,M00K00,S07K00,T01
248,2013-01-02,2440,2440,2410,2420,171184,M01,K00M01,S04M01,U04
249,2013-01-03,2405,2450,2405,2415,67654,K02,M00K02,S04K02,U04
250,2013-01-04,2415,2425,2370,2390,161345,M05,K00M05,S08M05,D04
251,2013-01-07,2390,2405,2370,2385,70113,M05,M00M05,S07M05,U01
252,2013-01-08,2385,2390,2365,2370,91719,M05,M00M05,M10M05,T01
253,2013-01-09,2375,2385,2360,2365,81087,M05,M00M05,S04M05,T01
254,2013-01-10,2365,2390,2360,2385,50631,P05,M00P05,S04P05,U04
255,2013-01-11,2390,2405,2380,2390,115776,K00,P00K00,S04K00,U04
256,2013-01-14,2400,2405,2375,2390,124558,M05,K00M05,P10M05,U02
257,2013-01-15,2390,2400,2360,2365,136468,M05,M00M05,S04M05,T01
258,2013-01-16,2375,2400,2360,2380,120370,K00,M00K00,M10K00,T01
259,2013-01-17,2390,2390,2355,2385,82900,M02,K00M02,S01M02,U03
260,2013-01-18,2385,2385,2370,2370,45547,M00,M00M00,S04M00,U04
261,2013-01-21,2375,2375,2360,2360,55053,M00,M00M00,S04M00,U04
262,2013-01-22,2365,2380,2360,2370,72243,K00,M00K00,M10K00,T01
263,2013-01-23,2385,2385,2365,2370,51920,M01,K00M01,S04M01,U03
264,2013-01-24,2365,2380,2355,2360,43156,M05,M00M05,S04M05,U04
265,2013-01-25,2365,2370,2335,2340,130356,M05,M00M05,M10M05,D04
266,2013-01-28,2345,2345,2315,2340,67275,M02,M00M02,M10M02,U04
267,2013-01-29,2320,2355,2320,2335,51230,P03,M00P03,M10P03,U02
268,2013-01-30,2340,2355,2300,2320,115570,M05,P00M05,S08M05,T01
269,2013-01-31,2325,2325,2300,2310,137969,M01,M00M01,S04M01,D04
270,2013-02-01,2300,2315,2285,2300,106626,K00,M00K00,M10K00,T01
271,2013-02-04,2295,2305,2280,2300,62810,K01,K00K01,M10K01,U04
272,2013-02-05,2285,2300,2285,2290,39794,K00,K00K00,S04K00,D04
273,2013-02-06,2300,2310,2275,2280,104070,M05,K00M05,S04M05,U04
274,2013-02-07,2280,2315,2275,2290,74441,K00,M00K00,S04K00,T01
275,2013-02-08,2290,2310,2285,2290,42452,K02,K00K02,S04K02,T01
276,2013-02-12,2295,2295,2250,2285,80005,M02,K00M02,S04M02,T01
277,2013-02-13,2285,2295,2275,2290,35539,K00,M00K00,S04K00,T01
278,2013-02-14,2290,2295,2275,2280,86706,M05,K00M05,S04M05,U04
279,2013-02-15,2290,2340,2285,2330,175382,P05,M00P05,S04P05,U01
280,2013-02-18,2335,2355,2315,2340,79544,K00,P00K00,S01K00,U01
281,2013-02-19,2340,2370,2300,2335,58594,M05,K00M05,P10M05,T01
282,2013-02-20,2345,2345,2320,2345,77387,K01,M00K01,S04K01,U04
283,2013-02-21,2345,2345,2315,2335,53002,M02,K00M02,S04M02,D04
284,2013-02-22,2325,2355,2325,2330,91491,K02,M00K02,S04K02,D04
285,2013-02-25,2345,2360,2305,2330,84664,M05,K00M05,S04M05,U04
286,2013-02-26,2280,2280,2210,2235,432682,M01,M00M01,S04M01,D04
287,2013-02-27,2240,2245,2200,2225,201531,M05,M00M05,M10M05,U04
288,2013-02-28,2205,2225,2190,2210,151252,K00,M00K00,M10K00,U04
289,2013-03-04,2205,2220,2200,2210,112046,K00,K00K00,S08K00,U04
290,2013-03-05,2205,2230,2200,2220,109053,P05,K00P05,S04P05,U04
291,2013-03-06,2230,2245,2210,2225,128977,M05,P00M05,S04M05,U04
292,2013-03-07,2225,2250,2220,2230,105486,K00,M00K00,S05K00,T01
293,2013-03-08,2240,2245,2230,2240,94649,K00,K00K00,S04K00,U04
294,2013-03-11,2240,2245,2200,2215,202421,M05,K00M05,S04M05,U04
295,2013-03-12,2215,2250,2215,2245,101297,P03,M00P03,S07P03,U03
296,2013-03-13,2245,2260,2230,2250,108325,K00,P00K00,S02K00,D04
297,2013-03-14,2245,2285,2245,2285,137363,P00,K00P00,P10P00,U01
298,2013-03-15,2290,2355,2290,2350,206227,P03,P00P03,P10P03,U04
299,2013-03-18,2345,2375,2340,2350,165172,K00,P00K00,P10K00,D04
300,2013-03-19,2360,2360,2325,2345,118652,M01,K00M01,P10M01,D04
301,2013-03-20,2345,2345,2315,2330,81756,M01,M00M01,S04M01,T01
302,2013-03-21,2330,2370,2330,2350,134785,P03,M00P03,M10P03,U04
303,2013-03-22,2350,2350,2315,2345,61218,M02,P00M02,S04M02,D04
304,2013-03-25,2335,2355,2335,2355,178936,P00,M00P00,S04P00,U04
305,2013-03-26,2350,2370,2350,2355,74190,K00,P00K00,S04K00,D04
306,2013-03-27,2350,2370,2335,2350,74353,K00,K00K00,S04K00,U04
307,2013-03-28,2350,2380,2345,2370,63404,P05,K00P05,S04P05,U02
308,2013-03-29,2370,2455,2370,2425,293410,P03,P00P03,S04P03,U02
309,2013-04-01,2425,2445,2415,2445,125535,P01,P00P01,P10P01,U04
310,2013-04-02,2440,2495,2425,2470,240262,P05,P00P05,P10P05,D04
311,2013-04-03,2490,2495,2450,2480,200474,M05,P00M05,P10M05,U04
312,2013-04-04,2480,2480,2400,2415,103260,M01,M00M01,S05M01,D04
313,2013-04-05,2415,2425,2300,2300,153461,M03,M00M03,M10M03,U03
314,2013-04-08,2305,2340,2265,2270,131843,M05,M00M05,M10M05,D04
315,2013-04-09,2290,2300,2245,2275,103458,M05,M00M05,M10M05,U04
316,2013-04-10,2275,2290,2255,2290,44431,P01,M00P01,M10P01,U04
317,2013-04-11,2290,2315,2285,2290,72747,K02,P00K02,S04K02,U04
318,2013-04-12,2300,2305,2250,2250,171228,M03,K00M03,S04M03,U01
319,2013-04-15,2250,2265,2235,2250,116396,K00,M00K00,S07K00,T01
320,2013-04-16,2240,2275,2235,2265,77151,P05,K00P05,M10P05,D04
321,2013-04-17,2270,2315,2270,2300,169340,P03,P00P03,P10P03,U04
322,2013-04-18,2295,2330,2290,2320,77460,P05,P00P05,P10P05,D04
323,2013-04-19,2325,2335,2300,2330,123763,K01,P00K01,P10K01,D04
324,2013-04-22,2340,2385,2325,2385,254743,P01,K00P01,P10P01,U04
325,2013-04-23,2405,2475,2385,2460,248050,P05,P00P05,P10P05,U04
326,2013-04-24,2470,2485,2455,2470,220087,K00,P00K00,P10K00,U04
327,2013-04-25,2470,2475,2430,2465,186363,M05,K00M05,P10M05,T01
328,2013-04-26,2470,2485,2445,2480,144600,K01,M00K01,S04K01,U04
329,2013-04-29,2485,2500,2460,2470,239651,M05,K00M05,S04M05,D04
330,2013-04-30,2480,2500,2455,2500,169461,P01,M00P01,S04P01,U04
331,2013-05-02,2515,2515,2475,2485,197238,M01,P00M01,S01M01,D04
332,2013-05-03,2485,2545,2485,2540,170541,P03,M00P03,S03P03,U04
333,2013-05-06,2570,2580,2540,2575,169851,K01,P00K01,S02K01,U04
334,2013-05-07,2575,2585,2560,2575,71717,K00,K00K00,P10K00,U04
335,2013-05-08,2575,2595,2565,2585,111231,K00,K00K00,S04K00,U02
336,2013-05-09,2595,2615,2585,2605,138164,K00,K00K00,S04K00,U04
337,2013-05-10,2605,2605,2550,2580,140370,M01,K00M01,P10M01,T01
338,2013-05-13,2590,2595,2575,2590,64706,K00,M00K00,S04K00,U04
339,2013-05-14,2600,2620,2580,2585,108730,M05,K00M05,S04M05,U01
340,2013-05-15,2600,2605,2555,2560,109850,M05,M00M05,S04M05,U04
341,2013-05-16,2565,2585,2550,2555,62991,M05,M00M05,M10M05,U03
342,2013-05-20,2560,2570,2530,2535,86149,M05,M00M05,M10M05,U04
343,2013-05-21,2545,2565,2545,2560,115919,P03,M00P03,M10P03,T01
344,2013-05-22,2560,2595,2550,2580,146531,P05,P00P05,S04P05,U02
345,2013-05-23,2580,2580,2540,2565,112400,M01,P00M01,P10M01,D04
346,2013-05-24,2565,2570,2530,2565,162202,K01,M00K01,S04K01,T01
347,2013-05-27,2570,2570,2530,2535,103180,M01,K00M01,S04M01,T01
348,2013-05-28,2535,2565,2535,2560,92600,P03,M00P03,S07P03,T01
349,2013-05-29,2560,2570,2555,2560,65481,K00,P00K00,S00K00,U04
350,2013-05-30,2555,2560,2545,2550,95231,M05,K00M05,S04M05,D04
351,2013-05-31,2550,2550,2480,2490,233645,M01,M00M01,S04M01,U04
352,2013-06-03,2470,2480,2455,2460,102515,M05,M00M05,M10M05,D04
353,2013-06-04,2460,2470,2430,2445,72254,M05,M00M05,M10M05,U03
354,2013-06-05,2445,2455,2430,2430,42081,M03,M00M03,M10M03,D04
355,2013-06-07,2435,2440,2395,2405,83971,M05,M00M05,M10M05,U04
356,2013-06-10,2415,2450,2400,2440,46145,P05,M00P05,M10P05,U04
357,2013-06-11,2440,2465,2410,2460,62800,P05,P00P05,S01P05,U02
358,2013-06-12,2455,2460,2425,2455,23831,K01,P00K01,P10K01,D04
359,2013-06-13,2445,2460,2405,2420,65020,M05,K00M05,S04M05,D04
360,2013-06-14,2435,2440,2420,2425,60810,M05,M00M05,S07M05,U04
361,2013-06-17,2430,2445,2405,2410,98951,M05,M00M05,M10M05,D04
362,2013-06-18,2415,2455,2410,2420,59890,K02,M00K02,M10K02,U04
363,2013-06-19,2425,2440,2420,2435,14502,K00,K00K00,S04K00,U04
364,2013-06-20,2435,2435,2385,2395,109681,M01,K00M01,S04M01,D04
365,2013-06-21,2375,2375,2305,2375,86150,K01,M00K01,S07K01,D04
366,2013-06-24,2375,2375,2330,2340,46740,M01,K00M01,M10M01,T01
367,2013-06-25,2340,2340,2265,2300,148560,M01,M00M01,S07M01,D04
368,2013-06-26,2300,2305,2265,2280,90557,M05,M00M05,M10M05,U04
369,2013-06-27,2290,2340,2275,2310,42564,P05,M00P05,M10P05,U04
370,2013-06-28,2320,2325,2285,2305,69523,M05,P00M05,S01M05,U04
371,2013-07-01,2310,2340,2295,2300,58351,M05,M00M05,S03M05,U01
372,2013-07-02,2315,2320,2290,2305,39791,M05,M00M05,S04M05,U04
373,2013-07-03,2315,2325,2290,2290,44865,M03,M00M03,S04M03,T01
374,2013-07-04,2305,2315,2280,2290,32700,M05,M00M05,M10M05,T01
375,2013-07-05,2300,2310,2290,2300,17031,K00,M00K00,M10K00,U04
376,2013-07-08,2300,2310,2285,2300,48580,K00,K00K00,S04K00,U04
377,2013-07-09,2310,2310,2275,2305,66050,M02,K00M02,S04M02,U02
378,2013-07-10,2290,2300,2270,2270,54500,M03,M00M03,S04M03,U04
379,2013-07-11,2270,2285,2255,2285,85572,P01,M00P01,M10P01,U04
380,2013-07-12,2285,2285,2260,2270,49510,M01,P00M01,S04M01,U04
381,2013-07-15,2275,2275,2260,2270,42802,M02,M00M02,S04M02,U04
382,2013-07-16,2270,2290,2260,2275,69114,K00,M00K00,S04K00,U03
383,2013-07-17,2275,2300,2265,2295,74021,P05,K00P05,S04P05,T01
384,2013-07-18,2285,2295,2280,2290,68973,K00,P00K00,P10K00,U04
385,2013-07-19,2290,2305,2280,2305,46030,P01,K00P01,S04P01,U01
386,2013-07-22,2305,2345,2300,2300,104390,M04,P00M04,S04M04,D04
387,2013-07-23,2325,2325,2295,2310,41582,M01,M00M01,S04M01,U04
388,2013-07-24,2305,2320,2300,2315,72852,K00,M00K00,M10K00,D04
389,2013-07-25,2315,2335,2310,2315,81068,K02,K00K02,S04K02,T01
390,2013-07-26,2325,2415,2325,2400,317539,P03,K00P03,S04P03,U04
391,2013-07-29,2410,2435,2410,2425,48220,P03,P00P03,P10P03,U03
392,2013-07-30,2430,2440,2400,2440,58440,K01,P00K01,P10K01,D04
393,2013-07-31,2440,2465,2430,2450,128560,K00,K00K00,P10K00,U04
394,2013-08-01,2475,2505,2475,2480,72996,K02,K00K02,S04K02,U03
395,2013-08-02,2485,2505,2475,2500,50411,P05,K00P05,P10P05,U04
396,2013-08-05,2500,2530,2495,2525,79960,P05,P00P05,P10P05,U04
397,2013-08-06,2515,2525,2485,2490,116941,M05,P00M05,P10M05,U01
398,2013-08-07,2490,2500,2480,2500,131130,K01,M00K01,S07K01,D04
399,2013-08-08,2510,2510,2485,2500,69090,M01,K00M01,S04M01,D04
400,2013-08-09,2505,2505,2480,2480,51441,M00,M00M00,S04M00,U04
401,2013-08-12,2505,2690,2485,2525,559380,P05,M00P05,M10P05,T01
402,2013-08-13,2555,2555,2480,2480,121251,M00,P00M00,S01M00,U03
403,2013-08-14,2480,2515,2480,2500,46941,P03,M00P03,S07P03,U04
404,2013-08-16,2480,2505,2470,2505,39674,P01,P00P01,S00P01,D04
405,2013-08-19,2495,2530,2495,2515,55295,P03,P00P03,P10P03,T01
406,2013-08-20,2515,2535,2440,2455,83274,M05,P00M05,P10M05,D04
407,2013-08-21,2470,2475,2375,2430,144302,M05,M00M05,S07M05,U04
408,2013-08-22,2425,2425,2355,2370,45263,M01,M00M01,M10M01,D04
409,2013-08-23,2370,2385,2280,2300,510450,M05,M00M05,M10M05,U04
410,2013-08-26,2310,2360,2310,2360,105510,P00,M00P00,M10P00,U04
411,2013-08-27,2340,2370,2335,2350,30950,K00,P00K00,S01K00,T01
412,2013-08-28,2330,2345,2300,2330,45410,K00,K00K00,P10K00,D04
413,2013-08-29,2330,2355,2320,2340,46967,K00,K00K00,S04K00,U04
414,2013-08-30,2345,2355,2335,2350,31381,K00,K00K00,S04K00,U04
415,2013-09-02,2345,2360,2340,2350,23801,K00,K00K00,S04K00,U04
416,2013-09-03,2360,2370,2355,2370,33339,K01,K00K01,S04K01,D04
417,2013-09-04,2375,2400,2370,2390,75290,P05,K00P05,P10P05,U04
418,2013-09-05,2395,2435,2385,2435,49802,P01,P00P01,P10P01,U04
419,2013-09-06,2420,2440,2405,2440,67954,P01,P00P01,P10P01,U03
420,2013-09-09,2440,2490,2425,2475,57573,P05,P00P05,P10P05,T01
421,2013-09-10,2475,2480,2450,2470,37287,M05,P00M05,P10M05,U04
422,2013-09-11,2460,2475,2440,2465,73051,K00,M00K00,S03K00,U04
423,2013-09-12,2455,2495,2455,2465,101611,K00,K00K00,S04K00,T01
424,2013-09-13,2455,2475,2430,2450,78431,M05,K00M05,S04M05,T01
425,2013-09-16,2440,2450,2430,2445,26950,K00,M00K00,S04K00,U03
426,2013-09-17,2445,2450,2440,2450,18452,K01,K00K01,S04K01,T01
427,2013-09-23,2440,2450,2430,2435,33510,M05,K00M05,S04M05,D04
428,2013-09-24,2445,2450,2420,2445,73223,K01,M00K01,S04K01,T01
429,2013-09-25,2450,2455,2430,2445,26902,M05,K00M05,S04M05,U01
430,2013-09-26,2445,2445,2425,2440,32093,M02,M00M02,S04M02,T01
431,2013-09-27,2440,2450,2425,2435,18832,M05,M00M05,S04M05,U04
432,2013-09-30,2455,2455,2425,2440,50120,M01,M00M01,S04M01,T01
433,2013-10-01,2440,2450,2425,2425,42349,M03,M00M03,S04M03,T01
434,2013-10-02,2425,2450,2425,2450,30171,P00,M00P00,M10P00,U04
435,2013-10-04,2430,2445,2425,2440,19241,K00,P00K00,S02K00,D04
436,2013-10-07,2440,2440,2430,2440,27590,K01,K00K01,P10K01,U04
437,2013-10-08,2440,2440,2400,2435,41060,M02,K00M02,S04M02,D04
438,2013-10-10,2435,2465,2435,2460,39106,P03,M00P03,S04P03,D04
439,2013-10-11,2460,2470,2445,2470,62071,K01,P00K01,S02K01,U04
440,2013-10-14,2460,2475,2450,2460,45308,K00,K00K00,P10K00,U04
441,2013-10-15,2470,2470,2450,2465,25131,M02,K00M02,S04M02,U04
442,2013-10-16,2465,2465,2440,2445,29930,M01,M00M01,S04M01,D04
443,2013-10-17,2450,2455,2430,2440,44490,M05,M00M05,M10M05,U04
444,2013-10-18,2440,2440,2420,2440,31275,K01,M00K01,M10K01,U04
445,2013-10-21,2440,2440,2420,2430,25909,M01,K00M01,S04M01,U04
446,2013-10-22,2425,2460,2425,2440,95922,P03,M00P03,S04P03,U02
447,2013-10-23,2450,2450,2435,2445,15743,M02,P00M02,S04M02,U03
448,2013-10-24,2450,2450,2430,2445,52770,M02,M00M02,S05M02,D04
449,2013-10-25,2435,2465,2430,2440,67970,K00,M00K00,S04K00,U04
450,2013-10-28,2440,2440,2430,2435,37281,M01,K00M01,S04M01,U04
451,2013-10-29,2450,2450,2415,2430,52800,M01,M00M01,S04M01,T01
452,2013-10-30,2430,2435,2410,2415,58462,M05,M00M05,S04M05,U04
453,2013-10-31,2420,2420,2395,2395,96254,M00,M00M00,M10M00,D04
454,2013-11-01,2405,2430,2395,2430,42437,P01,M00P01,M10P01,D04
455,2013-11-04,2440,2440,2430,2440,27274,K01,P00K01,S01K01,U01
456,2013-11-05,2445,2515,2440,2500,313384,P05,K00P05,P10P05,U04
457,2013-11-06,2495,2500,2460,2465,117611,M05,P00M05,P10M05,U01
458,2013-11-07,2460,2485,2430,2430,134648,M03,M00M03,S06M03,T01
459,2013-11-08,2435,2445,2425,2440,91071,K00,M00K00,M10K00,D04
460,2013-11-11,2455,2455,2395,2415,93033,M01,K00M01,S01M01,U04
461,2013-11-12,2435,2435,2405,2415,27409,M01,M00M01,S07M01,T01
462,2013-11-13,2420,2425,2400,2400,34508,M03,M00M03,M10M03,T01
463,2013-11-14,2410,2420,2400,2410,49776,K00,M00K00,M10K00,U04
464,2013-11-15,2425,2425,2410,2415,37836,M01,K00M01,S04M01,U03
465,2013-11-18,2425,2445,2410,2445,37382,P01,M00P01,S04P01,U04
466,2013-11-19,2450,2455,2430,2455,36300,K01,P00K01,S01K01,D04
467,2013-11-20,2435,2465,2435,2460,26150,P03,K00P03,P10P03,D04
468,2013-11-21,2460,2475,2435,2460,100707,K00,P00K00,P10K00,T01
469,2013-11-22,2465,2480,2450,2450,102317,M03,K00M03,P10M03,U04
470,2013-11-25,2470,2555,2470,2550,291722,P03,M00P03,S04P03,U04
471,2013-11-26,2570,2580,2520,2570,159780,K01,P00K01,S01K01,U01
472,2013-11-27,2580,2595,2555,2560,206003,M05,K00M05,P10M05,U04
473,2013-11-28,2550,2650,2545,2650,314693,P01,M00P01,S04P01,U04
474,2013-11-29,2740,2970,2735,2805,1647969,P05,P00P05,S02P05,U04
475,2013-12-02,2805,2900,2800,2870,653300,P05,P00P05,P10P05,U04
476,2013-12-03,2890,2895,2800,2850,483782,M05,P00M05,P10M05,D04
477,2013-12-04,2830,2920,2820,2870,421410,P05,M00P05,S03P05,T01
478,2013-12-05,2870,2950,2860,2945,516478,P05,P00P05,S00P05,T01
479,2013-12-06,2920,3055,2895,3040,489283,P05,P00P05,P10P05,T01
480,2013-12-09,3020,3130,3000,3015,469254,M05,P00M05,P10M05,U04
481,2013-12-10,2990,3020,2900,3005,343870,P05,M00P05,S06P05,U02
482,2013-12-11,3000,3050,2950,2955,229875,M05,P00M05,S04M05,T01
483,2013-12-12,2955,2955,2840,2855,380148,M01,M00M01,S07M01,D04
484,2013-12-13,2870,2945,2835,2920,240723,P05,M00P05,M10P05,T01
485,2013-12-16,2925,3000,2910,2910,240809,M04,P00M04,S01M04,U01
486,2013-12-17,2910,2975,2905,2970,172269,P05,M00P05,S03P05,U04
487,2013-12-18,2955,3080,2950,3050,263096,P05,P00P05,S02P05,T01
488,2013-12-19,3085,3350,3080,3275,1274305,P05,P00P05,P10P05,U04
489,2013-12-20,3310,3370,3190,3270,878778,M05,P00M05,P10M05,D04
490,2013-12-23,3220,3260,3150,3170,633659,M05,M00M05,S03M05,U04
491,2013-12-24,3155,3275,3095,3230,542012,P05,M00P05,M10P05,U04
492,2013-12-26,3230,3310,3150,3200,438679,M05,P00M05,S02M05,U02
493,2013-12-27,3140,3190,3100,3160,361249,P05,M00P05,S03P05,U04
494,2013-12-30,3200,3205,3135,3140,339565,M05,P00M05,S08M05,T01
495,2014-01-02,3145,3155,3025,3025,573312,M03,M00M03,S07M03,U04
496,2014-01-03,3005,3160,2980,3160,582318,P01,M00P01,M10P01,D04
497,2014-01-06,3165,3320,3160,3260,689605,P05,P00P05,S02P05,T01
498,2014-01-07,3265,3380,3255,3265,502350,K02,P00K02,P10K02,D04
499,2014-01-08,3280,3300,3110,3165,582652,M05,K00M05,P10M05,U04
500,2014-01-09,3185,3220,3100,3220,322355,P02,M00P02,S07P02,U04
501,2014-01-10,3255,3255,3135,3145,194662,M01,P00M01,S01M01,T01
502,2014-01-13,3130,3180,3060,3090,417865,M05,M00M05,S07M05,U04
503,2014-01-14,3100,3130,3065,3070,334621,M05,M00M05,M10M05,D04
504,2014-01-15,3090,3130,3035,3090,284327,K00,M00K00,M10K00,U04
505,2014-01-16,3110,3110,3030,3040,230307,M01,K00M01,S04M01,U04
506,2014-01-17,3040,3070,3000,3030,293925,M05,M00M05,S07M05,U01
507,2014-01-20,3010,3040,3000,3020,243574,K00,M00K00,M10K00,U01
508,2014-01-21,3010,3065,2990,3010,255555,K00,K00K00,S04K00,D04
509,2014-01-22,3015,3015,2865,2895,529149,M01,K00M01,S04M01,U04
510,2014-01-23,2925,2985,2865,2970,355925,P05,M00P05,S07P05,U04
511,2014-01-24,2980,2990,2915,2970,134520,M05,P00M05,S01M05,D04
512,2014-01-27,2880,2910,2850,2870,197912,M05,M00M05,S03M05,D04
513,2014-01-28,2830,2870,2775,2800,298595,M05,M00M05,M10M05,D04
514,2014-01-29,2825,2850,2815,2830,126913,K00,M00K00,M10K00,U04
515,2014-02-03,2820,2835,2785,2790,141185,M05,K00M05,S01M05,D04
516,2014-02-04,2750,2780,2735,2770,174789,P05,M00P05,S07P05,D04
517,2014-02-05,2810,2885,2775,2850,276549,P05,P00P05,S08P05,U04
518,2014-02-06,2835,2880,2795,2835,201898,K00,P00K00,P10K00,D04
519,2014-02-07,2850,2960,2820,2960,240150,P01,K00P01,P10P01,U04
520,2014-02-10,2965,2975,2925,2975,119561,K01,P00K01,P10K01,U04
521,2014-02-11,2970,3000,2925,2995,167594,P05,K00P05,P10P05,U04
522,2014-02-12,3000,3040,2965,3040,118294,P01,P00P01,P10P01,U04
523,2014-02-13,3020,3050,2980,3005,117910,M05,P00M05,P10M05,U03
524,2014-02-14,2995,3045,2935,3015,181111,P05,M00P05,S06P05,U04
525,2014-02-17,3015,3065,3015,3040,134182,P03,P00P03,S04P03,U04
526,2014-02-18,3040,3055,3015,3045,104070,K00,P00K00,P10K00,U01
527,2014-02-19,3050,3050,2975,2980,183361,M01,K00M01,S04M01,U04
528,2014-02-20,2995,2995,2910,2945,162967,M01,M00M01,S07M01,D04
529,2014-02-21,2940,2975,2890,2930,162829,M05,M00M05,M10M05,U04
530,2014-02-24,2930,3075,2930,3075,286360,P00,M00P00,M10P00,T01
531,2014-02-25,3080,3170,3080,3160,352798,P03,P00P03,S02P03,U04
532,2014-02-26,3165,3175,3095,3095,236511,M03,P00M03,P10M03,T01
533,2014-02-27,3155,3165,2875,2910,814932,M05,M00M05,S03M05,U02
534,2014-02-28,2910,2975,2860,2965,247270,P05,M00P05,M10P05,U04
535,2014-03-03,2940,2955,2875,2910,142315,M05,P00M05,S00M05,T01
536,2014-03-04,2890,2920,2870,2880,103830,M05,M00M05,S07M05,D04
537,2014-03-05,2885,2930,2870,2920,138744,P05,M00P05,M10P05,U04
538,2014-03-06,2940,2985,2900,2970,209010,P05,P00P05,S01P05,U02
539,2014-03-07,2980,2985,2935,2950,144118,M05,P00M05,P10M05,T01
540,2014-03-10,2975,2975,2875,2875,220892,M00,M00M00,S03M00,D04
541,2014-03-11,2875,2905,2850,2875,257061,K00,M00K00,M10K00,T01
542,2014-03-12,2875,2910,2800,2800,188163,M03,K00M03,M10M03,D04
543,2014-03-13,2785,2855,2785,2820,184354,P03,M00P03,S07P03,U04
544,2014-03-14,2800,2845,2730,2730,370944,M03,P00M03,S00M03,D04
545,2014-03-17,2740,2765,2715,2750,126861,K00,M00K00,S07K00,D04
546,2014-03-18,2775,2800,2760,2780,194792,K00,K00K00,S01K00,U04
547,2014-03-19,2800,2910,2780,2910,318240,P01,K00P01,P10P01,U04
548,2014-03-20,2920,2920,2805,2820,441195,M01,P00M01,P10M01,D04
549,2014-03-21,2855,2920,2820,2895,227053,P05,M00P05,S03P05,U03
550,2014-03-24,2870,2905,2850,2880,174640,K00,P00K00,S01K00,D04
551,2014-03-25,2885,2905,2810,2810,184055,M03,K00M03,P10M03,D04
552,2014-03-26,2815,2870,2810,2855,143725,P05,M00P05,S07P05,U03
553,2014-03-27,2855,2955,2825,2910,281062,P05,P00P05,S01P05,D04
554,2014-03-28,2910,2925,2855,2870,106600,M05,P00M05,P10M05,D04
555,2014-03-31,2870,2900,2840,2845,106177,M05,M00M05,S03M05,U02
556,2014-04-01,2885,2885,2820,2825,140176,M01,M00M01,M10M01,U04
557,2014-04-02,2850,2855,2820,2820,325570,M03,M00M03,M10M03,U04
558,2014-04-03,2820,2895,2810,2895,257040,P01,M00P01,M10P01,U03
559,2014-04-04,2895,2910,2870,2890,205071,M05,P00M05,S02M05,D04
560,2014-04-07,2890,2910,2845,2855,148048,M05,M00M05,S03M05,D04
561,2014-04-08,2875,2875,2825,2845,109690,M01,M00M01,M10M01,D04
562,2014-04-09,2845,2895,2845,2885,144854,P03,M00P03,M10P03,U04
563,2014-04-10,2905,2910,2850,2870,133831,M05,P00M05,S02M05,U04
564,2014-04-11,2860,2935,2840,2930,238088,P05,M00P05,S03P05,D04
565,2014-04-14,2955,2965,2910,2920,253400,M05,P00M05,S02M05,D04
566,2014-04-15,2920,2920,2865,2870,194831,M01,M00M01,S03M01,U04
567,2014-04-16,2870,2890,2840,2855,125012,M05,M00M05,M10M05,U04
568,2014-04-17,2860,2890,2845,2865,80617,K00,M00K00,M10K00,U04
569,2014-04-18,2865,2920,2865,2885,137007,P03,K00P03,S04P03,U04
570,2014-04-21,2890,2960,2880,2900,238650,K00,P00K00,S04K00,U03
571,2014-04-22,2920,2920,2870,2875,144270,M01,K00M01,P10M01,U04
572,2014-04-23,2880,2900,2815,2820,211146,M05,M00M05,S07M05,U04
573,2014-04-24,2820,2900,2820,2855,233229,P03,M00P03,M10P03,D04
574,2014-04-25,2855,2860,2795,2800,171500,M05,P00M05,S00M05,U04
575,2014-04-28,2775,2800,2770,2795,94982,P05,M00P05,S07P05,D04
576,2014-04-29,2795,2815,2770,2770,116169,M03,P00M03,S08M03,T01
577,2014-04-30,2800,2800,2775,2780,46441,M01,M00M01,S04M01,U04
578,2014-05-02,2790,2810,2785,2785,71322,M04,M00M04,M10M04,U04
579,2014-05-07,2785,2795,2650,2685,175289,M05,M00M05,S04M05,D04
580,2014-05-08,2695,2720,2665,2670,81295,M05,M00M05,M10M05,D04
581,2014-05-09,2695,2735,2670,2730,65209,P05,M00P05,M10P05,D04
582,2014-05-12,2705,2710,2650,2650,158407,M03,P00M03,S01M03,U04
583,2014-05-13,2665,2675,2640,2665,51422,K00,M00K00,S07K00,U04
584,2014-05-14,2665,2685,2650,2650,79468,M03,K00M03,M10M03,D04
585,2014-05-15,2660,2680,2650,2670,61083,K00,M00K00,S04K00,D04
586,2014-05-16,2640,2650,2610,2625,201775,M05,K00M05,S04M05,D04
587,2014-05-19,2620,2625,2535,2540,194180,M05,M00M05,S07M05,U04
588,2014-05-20,2550,2555,2465,2475,136330,M05,M00M05,M10M05,U04
589,2014-05-21,2455,2535,2455,2520,53772,P03,M00P03,M10P03,D04
590,2014-05-22,2530,2575,2520,2550,61589,P05,P00P05,S00P05,U04
591,2014-05-23,2550,2560,2535,2550,40129,K00,P00K00,P10K00,U04
592,2014-05-26,2555,2565,2535,2540,36915,M05,K00M05,S04M05,U04
593,2014-05-27,2545,2550,2490,2490,75145,M03,M00M03,S04M03,U04
594,2014-05-28,2500,2530,2475,2525,65857,P05,M00P05,M10P05,U04
595,2014-05-29,2530,2530,2490,2500,27719,M01,P00M01,S01M01,D04
596,2014-05-30,2500,2520,2400,2465,108482,M05,M00M05,S07M05,U04
597,2014-06-02,2470,2470,2385,2420,138617,M01,M00M01,M10M01,T01
598,2014-06-03,2385,2430,2385,2420,52361,P03,M00P03,M10P03,T01
599,2014-06-05,2420,2420,2390,2400,60967,M01,P00M01,S08M01,U04
600,2014-06-09,2380,2445,2380,2440,62029,P03,M00P03,S03P03,U04
601,2014-06-10,2460,2460,2415,2435,69725,M01,P00M01,S02M01,U04
602,2014-06-11,2435,2460,2400,2405,89705,M05,M00M05,S03M05,U01
603,2014-06-12,2405,2430,2395,2405,50399,K00,M00K00,M10K00,T01
604,2014-06-13,2405,2430,2390,2395,58562,M05,K00M05,M10M05,D04
605,2014-06-16,2395,2395,2345,2360,81491,M01,M00M01,S04M01,U04
606,2014-06-17,2360,2365,2300,2300,199627,M03,M00M03,M10M03,U03
607,2014-06-18,2310,2340,2310,2325,35147,P03,M00P03,M10P03,U04
608,2014-06-19,2320,2355,2320,2345,63779,P03,P00P03,S01P03,U04
609,2014-06-20,2370,2370,2300,2305,99521,M01,P00M01,P10M01,T01
610,2014-06-23,2305,2340,2300,2320,45049,P05,M00P05,S07P05,U03
611,2014-06-24,2325,2335,2300,2315,59393,M05,P00M05,S00M05,T01
612,2014-06-25,2310,2340,2305,2305,65179,M04,M00M04,S04M04,D04
613,2014-06-26,2310,2350,2290,2330,58716,P05,M00P05,S04P05,U04
614,2014-06-27,2330,2355,2310,2330,41191,K00,P00K00,S01K00,T01
615,2014-06-30,2330,2345,2300,2325,34779,M05,K00M05,S04M05,U04
616,2014-07-01,2315,2350,2295,2345,53352,P05,M00P05,S04P05,U03
617,2014-07-02,2325,2400,2325,2390,101673,P03,P00P03,S02P03,U04
618,2014-07-03,2375,2410,2375,2395,77238,P03,P00P03,P10P03,T01
619,2014-07-04,2395,2405,2370,2370,102071,M03,P00M03,P10M03,T01
620,2014-07-07,2360,2425,2360,2410,62760,P03,M00P03,S07P03,U04
621,2014-07-08,2410,2430,2385,2395,48412,M05,P00M05,S02M05,D04
622,2014-07-09,2415,2420,2370,2400,60860,M05,M00M05,S03M05,D04
623,2014-07-10,2400,2440,2390,2395,88050,M05,M00M05,S04M05,U04
624,2014-07-11,2390,2400,2340,2340,111000,M03,M00M03,S04M03,D04
625,2014-07-14,2340,2380,2340,2355,64561,P03,M00P03,M10P03,U04
626,2014-07-15,2360,2400,2355,2400,79482,P01,P00P01,S00P01,U04
627,2014-07-16,2400,2420,2365,2390,103114,M05,P00M05,P10M05,D04
628,2014-07-17,2395,2415,2375,2390,70212,M05,M00M05,S03M05,U03
629,2014-07-18,2390,2400,2355,2375,62454,M05,M00M05,S04M05,D04
630,2014-07-21,2365,2385,2350,2355,128382,M05,M00M05,S04M05,U04
631,2014-07-22,2355,2375,2350,2360,45582,K00,M00K00,M10K00,T01
632,2014-07-23,2360,2380,2355,2355,66490,M04,K00M04,S04M04,U04
633,2014-07-24,2370,2435,2365,2390,192606,P05,M00P05,S04P05,U04
634,2014-07-25,2395,2405,2375,2390,118956,M05,P00M05,S01M05,T01
635,2014-07-28,2390,2430,2385,2395,121605,K02,M00K02,S03K02,D04
636,2014-07-29,2420,2420,2360,2375,130368,M01,K00M01,S04M01,T01
637,2014-07-30,2375,2380,2340,2360,127495,M05,M00M05,S07M05,T01
638,2014-07-31,2350,2380,2330,2360,116617,K00,M00K00,M10K00,U04
639,2014-08-01,2335,2365,2330,2350,184291,P05,K00P05,S08P05,D04
640,2014-08-04,2350,2375,2340,2370,40602,P05,P00P05,P10P05,D04
641,2014-08-05,2380,2415,2360,2405,168236,P05,P00P05,P10P05,U04
642,2014-08-06,2415,2535,2415,2530,602936,P03,P00P03,P10P03,D04
643,2014-08-07,2555,2635,2470,2520,511351,M05,P00M05,P10M05,U01
644,2014-08-08,2530,2530,2460,2470,153287,M01,M00M01,S03M01,D04
645,2014-08-11,2500,2550,2485,2525,126194,P05,M00P05,M10P05,U04
646,2014-08-12,2525,2545,2460,2500,105760,M05,P00M05,S01M05,U04
647,2014-08-13,2495,2500,2440,2440,119750,M03,M00M03,S04M03,T01
648,2014-08-14,2450,2475,2420,2450,141971,K00,M00K00,M10K00,U04
649,2014-08-18,2450,2475,2430,2450,60842,K00,K00K00,M10K00,U03
650,2014-08-19,2445,2510,2425,2445,135852,K02,K00K02,S04K02,U04
651,2014-08-20,2445,2460,2405,2415,153440,M05,K00M05,S04M05,U04
652,2014-08-21,2405,2420,2390,2400,130679,M05,M00M05,S07M05,T01
653,2014-08-22,2405,2435,2395,2425,42443,P05,M00P05,M10P05,U02
654,2014-08-25,2410,2440,2395,2420,50110,K00,P00K00,S01K00,U02
655,2014-08-26,2425,2445,2410,2420,56676,M05,K00M05,S04M05,U04
656,2014-08-27,2420,2445,2415,2445,71365,P01,M00P01,S04P01,U04
657,2014-08-28,2460,2530,2460,2460,149904,K02,P00K02,S02K02,T01
658,2014-08-29,2460,2480,2430,2460,28157,K00,K00K00,P10K00,T01
659,2014-09-01,2460,2470,2400,2410,96160,M05,K00M05,S04M05,T01
660,2014-09-02,2410,2425,2395,2405,60309,M05,M00M05,S07M05,U04
661,2014-09-03,2400,2425,2365,2375,104031,M05,M00M05,M10M05,U04
662,2014-09-04,2390,2400,2360,2375,44363,M05,M00M05,M10M05,D04
663,2014-09-05,2510,2715,2450,2460,1945007,M05,M00M05,M10M05,T01
664,2014-09-11,2490,2510,2420,2465,228103,M05,M00M05,M10M05,U04
665,2014-09-12,2455,2495,2400,2420,199224,M05,M00M05,M10M05,U02
666,2014-09-15,2435,2485,2420,2455,140911,P05,M00P05,M10P05,D04
667,2014-09-16,2455,2545,2455,2525,164650,P03,P00P03,S01P03,D04
668,2014-09-17,2515,2535,2480,2490,154319,M05,P00M05,P10M05,U04
669,2014-09-18,2495,2535,2485,2530,114874,P05,M00P05,S06P05,U03
670,2014-09-19,2530,2535,2515,2520,61640,M05,P00M05,S01M05,U04
671,2014-09-22,2525,2555,2490,2505,115723,M05,M00M05,S03M05,D04
672,2014-09-23,2490,2495,2450,2470,113517,M05,M00M05,S04M05,D04
673,2014-09-24,2455,2490,2450,2480,51402,P05,M00P05,M10P05,D04
674,2014-09-25,2490,2490,2460,2465,38012,M01,P00M01,S00M01,U04
675,2014-09-26,2460,2460,2430,2450,76747,M02,M00M02,S03M02,D04
676,2014-09-29,2450,2465,2425,2425,107257,M03,M00M03,M10M03,U04
677,2014-09-30,2425,2445,2395,2400,105493,M05,M00M05,M10M05,T01
678,2014-10-01,2410,2410,2360,2370,103938,M01,M00M01,M10M01,D04
679,2014-10-02,2360,2390,2320,2355,76810,M05,M00M05,M10M05,D04
680,2014-10-06,2360,2395,2355,2375,45829,P05,M00P05,M10P05,U04
681,2014-10-07,2365,2395,2325,2345,73628,M05,P00M05,S04M05,D04
682,2014-10-08,2345,2365,2320,2350,49702,K00,M00K00,S07K00,D04
683,2014-10-10,2340,2365,2330,2365,86645,P01,K00P01,S04P01,D04
684,2014-10-13,2365,2370,2295,2315,202053,M05,P00M05,P10M05,D04
685,2014-10-14,2295,2330,2295,2305,43647,K00,M00K00,S07K00,D04
686,2014-10-15,2315,2345,2295,2305,49313,M05,K00M05,S08M05,U04
687,2014-10-16,2295,2345,2270,2330,86087,P05,M00P05,S04P05,D04
688,2014-10-17,2355,2360,2320,2340,29313,M05,P00M05,S02M05,U01
689,2014-10-20,2345,2380,2335,2345,35803,K02,M00K02,S05K02,U04
690,2014-10-21,2360,2360,2300,2340,70987,M02,K00M02,S04M02,U04
691,2014-10-22,2360,2365,2335,2365,31955,K01,M00K01,S04K01,U04
692,2014-10-23,2365,2370,2330,2350,36075,M05,K00M05,S01M05,D04
693,2014-10-24,2365,2365,2295,2345,80159,M02,M00M02,S04M02,U04
694,2014-10-27,2325,2360,2325,2355,47835,P03,M00P03,S04P03,U04
695,2014-10-28,2355,2360,2330,2340,29263,M05,P00M05,S00M05,U01
696,2014-10-29,2330,2355,2320,2350,55859,P05,M00P05,S03P05,U04
697,2014-10-30,2340,2360,2335,2345,21767,K00,P00K00,S00K00,D04
698,2014-10-31,2335,2360,2320,2340,54413,K00,K00K00,S04K00,U04
699,2014-11-03,2330,2340,2300,2310,66180,M05,K00M05,S04M05,U04
700,2014-11-04,2305,2320,2265,2300,129136,M05,M00M05,S07M05,U03
701,2014-11-05,2300,2305,2270,2295,85315,M05,M00M05,M10M05,D04
702,2014-11-06,2300,2300,2270,2290,33683,M02,M00M02,S04M02,T01
703,2014-11-07,2275,2305,2275,2290,16413,P03,M00P03,S04P03,U04
704,2014-11-10,2290,2310,2290,2300,39796,K00,P00K00,S08K00,T01
705,2014-11-11,2305,2315,2290,2300,24294,M05,K00M05,P10M05,U04
706,2014-11-12,2300,2320,2285,2315,54668,P05,M00P05,S04P05,U03
707,2014-11-13,2315,2315,2285,2305,69192,M02,P00M02,S04M02,U04
708,2014-11-14,2310,2310,2280,2285,85897,M01,M00M01,S04M01,U02
709,2014-11-17,2240,2280,2240,2260,120894,P03,M00P03,M10P03,U03
710,2014-11-18,2250,2275,2240,2265,58182,P05,P00P05,S08P05,D04
711,2014-11-19,2265,2265,2240,2250,44327,M01,P00M01,P10M01,U04
712,2014-11-20,2240,2255,2230,2245,36149,K00,M00K00,S04K00,D04
713,2014-11-21,2250,2250,2225,2230,84544,M01,K00M01,S08M01,U04
714,2014-11-24,2230,2260,2225,2255,56766,P05,M00P05,S04P05,U03
715,2014-11-25,2240,2285,2235,2280,53642,P05,P00P05,S02P05,U04
716,2014-11-26,2280,2280,2240,2260,92826,M01,P00M01,P10M01,U01
717,2014-11-27,2265,2265,2235,2250,39580,M01,M00M01,S03M01,U01
718,2014-11-28,2250,2260,2245,2255,35696,K00,M00K00,M10K00,U04
719,2014-12-01,2260,2260,2210,2210,70705,M00,K00M00,S04M00,U01
720,2014-12-02,2210,2225,2195,2210,45120,K00,M00K00,S07K00,D04
721,2014-12-03,2200,2220,2185,2200,57875,K00,K00K00,M10K00,U04
722,2014-12-04,2200,2210,2190,2200,62326,K00,K00K00,S04K00,U04
723,2014-12-05,2190,2205,2180,2190,49348,K00,K00K00,S04K00,T01
724,2014-12-08,2210,2215,2190,2205,42823,M05,K00M05,S04M05,U03
725,2014-12-09,2200,2210,2180,2200,35215,K00,M00K00,S04K00,D04
726,2014-12-10,2200,2200,2145,2150,74457,M01,K00M01,S04M01,U04
727,2014-12-11,2140,2165,2100,2115,99250,M05,M00M05,S07M05,D04
728,2014-12-12,2115,2125,2100,2110,48779,M05,M00M05,M10M05,U04
729,2014-12-15,2115,2115,2065,2080,45613,M01,M00M01,M10M01,D04
730,2014-12-16,2080,2130,2065,2080,29388,K02,M00K02,M10K02,D04
731,2014-12-17,2070,2100,2060,2080,23627,K00,K00K00,M10K00,D04
732,2014-12-18,2075,2100,2040,2080,96108,K00,K00K00,S04K00,U04
733,2014-12-19,2080,2080,2030,2030,77215,M00,K00M00,S04M00,U04
734,2014-12-22,2025,2070,2025,2050,30766,P03,M00P03,S07P03,U04
735,2014-12-23,2035,2080,2030,2075,56552,P05,P00P05,S00P05,U04
736,2014-12-24,2075,2085,2050,2070,24984,M05,P00M05,P10M05,D04
737,2014-12-26,2070,2100,2070,2085,44357,P03,M00P03,S03P03,U03
738,2014-12-29,2085,2120,2060,2095,34819,K00,P00K00,S04K00,U04
739,2014-12-30,2095,2120,2085,2090,29519,M05,K00M05,P10M05,T01
740,2015-01-02,2070,2090,2035,2065,40890,M05,M00M05,S04M05,D04
741,2015-01-05,2050,2065,2035,2055,98561,K00,M00K00,M10K00,T01
742,2015-01-06,2045,2070,2025,2030,43230,M05,K00M05,S04M05,D04
743,2015-01-07,2060,2060,2005,2015,34953,M01,M00M01,S07M01,D04
744,2015-01-08,2005,2030,2005,2020,22209,P03,M00P03,M10P03,U04
745,2015-01-09,2035,2040,2015,2025,56181,M05,P00M05,S00M05,U04
746,2015-01-12,2025,2120,2020,2110,158561,P05,M00P05,S05P05,D04
747,2015-01-13,2120,2275,2075,2140,206684,P05,P00P05,S02P05,D04
748,2015-01-14,2140,2165,2120,2150,133530,K00,P00K00,P10K00,T01
749,2015-01-15,2140,2150,2120,2150,105347,K01,K00K01,P10K01,D04
750,2015-01-16,2135,2160,2110,2125,64870,M05,K00M05,S04M05,D04
751,2015-01-19,2130,2140,2090,2090,34702,M03,M00M03,S07M03,D04
752,2015-01-20,2100,2175,2090,2155,82823,P05,M00P05,M10P05,U04
753,2015-01-21,2180,2180,2125,2165,30806,M02,P00M02,S01M02,U04
754,2015-01-22,2150,2200,2145,2165,35845,P05,M00P05,S05P05,U03
755,2015-01-23,2185,2190,2145,2170,18374,M05,P00M05,S08M05,U04
756,2015-01-26,2180,2180,2120,2140,40779,M01,M00M01,S05M01,U02
757,2015-01-27,2155,2155,2080,2090,43481,M01,M00M01,M10M01,U04
758,2015-01-28,2075,2185,2075,2175,61250,P03,M00P03,M10P03,D04
759,2015-01-29,2175,2215,2150,2195,74943,P05,P00P05,S02P05,D04
760,2015-01-30,2200,2255,2165,2250,135164,P05,P00P05,P10P05,U04
761,2015-02-02,2250,2260,2205,2250,56023,K01,P00K01,P10K01,D04
762,2015-02-03,2215,2250,2195,2225,76767,K00,K00K00,P10K00,U04
763,2015-02-04,2240,2295,2220,2270,120485,P05,K00P05,P10P05,U04
764,2015-02-05,2285,2285,2255,2275,56614,M02,P00M02,P10M02,T01
765,2015-02-06,2270,2300,2265,2280,26545,K00,M00K00,S05K00,U04
766,2015-02-09,2290,2320,2265,2300,138379,K00,K00K00,S04K00,D04
767,2015-02-10,2310,2335,2265,2300,73484,M05,K00M05,P10M05,D04
768,2015-02-11,2325,2325,2280,2300,8589,M01,M00M01,S04M01,U04
769,2015-02-12,2300,2300,2240,2295,44847,M02,M00M02,M10M02,U04
770,2015-02-13,2295,2310,2255,2285,27048,M05,M00M05,M10M05,U04
771,2015-02-16,2280,2295,2245,2245,25636,M03,M00M03,S04M03,U04
772,2015-02-17,2270,2270,2225,2265,34604,M02,M00M02,M10M02,U04
773,2015-02-23,2300,2315,2255,2305,37119,K01,M00K01,M10K01,U04
774,2015-02-24,2295,2320,2285,2315,32077,P05,K00P05,S01P05,U02
775,2015-02-25,2330,2330,2285,2310,28125,M01,P00M01,S04M01,U02
776,2015-02-26,2310,2330,2290,2320,26947,K00,M00K00,S03K00,T01
777,2015-02-27,2320,2330,2280,2315,18871,M05,K00M05,S04M05,U04
778,2015-03-02,2335,2405,2330,2400,215537,P05,M00P05,S04P05,D04
779,2015-03-03,2415,2455,2385,2455,158524,P01,P00P01,S01P01,U04
780,2015-03-04,2445,2485,2430,2455,139818,K00,P00K00,P10K00,D04
781,2015-03-05,2455,2480,2445,2455,57360,K00,K00K00,P10K00,T01
782,2015-03-06,2455,2465,2400,2455,62738,K01,K00K01,S04K01,U04
783,2015-03-09,2445,2445,2385,2430,45962,M02,K00M02,S04M02,D04
784,2015-03-10,2445,2450,2350,2385,30686,M05,M00M05,S07M05,U04
785,2015-03-11,2355,2400,2320,2395,36840,P05,M00P05,M10P05,D04
786,2015-03-12,2395,2420,2370,2370,33012,M03,P00M03,S00M03,T01
787,2015-03-13,2415,2435,2360,2400,51402,M05,M00M05,S03M05,U04
788,2015-03-16,2415,2690,2415,2585,701983,P03,M00P03,M10P03,D04
789,2015-03-17,2585,2605,2550,2605,137614,P01,P00P01,S01P01,U04
790,2015-03-18,2605,2605,2530,2540,52689,M01,P00M01,P10M01,U02
791,2015-03-19,2550,2630,2540,2625,144444,P05,M00P05,S07P05,U04
792,2015-03-20,2625,2675,2585,2630,123478,K00,P00K00,S01K00,U03
793,2015-03-23,2640,2655,2565,2645,185131,K01,K00K01,P10K01,U04
794,2015-03-24,2650,2665,2615,2655,94658,K01,K00K01,S04K01,D04
795,2015-03-25,2650,2760,2615,2695,214581,P05,K00P05,S04P05,D04
796,2015-03-26,2685,2745,2660,2670,100782,M05,P00M05,P10M05,D04
797,2015-03-27,2725,2725,2670,2670,55837,M00,M00M00,S06M00,T01
798,2015-03-30,2670,2720,2655,2700,66534,P05,M00P05,M10P05,U04
799,2015-03-31,2715,2750,2660,2750,97490,P01,P00P01,S00P01,U04
800,2015-04-01,2720,2760,2715,2745,81722,P05,P00P05,P10P05,D04
801,2015-04-02,2740,2755,2685,2705,68335,M05,P00M05,P10M05,D04
802,2015-04-03,2675,2725,2625,2685,140994,K00,M00K00,S07K00,D04
803,2015-04-06,2685,2760,2640,2740,120711,P05,K00P05,S08P05,U02
804,2015-04-07,2770,2920,2770,2900,372134,P03,P00P03,P10P03,U04
805,2015-04-08,2935,3015,2860,3000,374957,P05,P00P05,P10P05,T01
806,2015-04-09,3085,3200,3000,3100,738212,K00,P00K00,P10K00,U04
807,2015-04-10,3100,3400,3095,3370,741467,P05,K00P05,P10P05,U04
808,2015-04-13,3485,3575,3235,3305,850626,M05,P00M05,P10M05,U04
809,2015-04-14,3275,3340,3165,3210,351972,M05,M00M05,S03M05,T01
810,2015-04-15,3210,3330,3180,3185,283549,M05,M00M05,M10M05,T01
811,2015-04-16,3190,3230,3090,3160,218369,M05,M00M05,M10M05,U04
812,2015-04-17,3150,3290,3055,3275,245575,P05,M00P05,M10P05,T01
813,2015-04-20,3270,3270,3100,3175,156710,M01,P00M01,S02M01,D04
814,2015-04-21,3170,3170,3060,3100,363044,M01,M00M01,S06M01,U04
815,2015-04-22,3170,3565,3145,3565,2515346,P11,M00P11,M10P11,U04
816,2015-04-23,3740,3960,3500,3615,4644442,M05,P10M05,S01M05,U04
817,2015-04-24,3650,3650,3390,3425,1083968,M01,M00M01,S05M01,U04
818,2015-04-27,3505,3825,3460,3695,1458271,P05,M00P05,M10P05,U04
819,2015-04-28,3695,3805,3500,3550,592543,M05,P00M05,S01M05,D04
820,2015-04-29,3565,3635,3430,3560,432789,M05,M00M05,S03M05,T01
821,2015-04-30,3690,3700,3430,3510,413102,M05,M00M05,M10M05,D04
822,2015-05-04,3525,3605,3435,3535,416302,K00,M00K00,M10K00,U04
823,2015-05-06,3455,3650,3430,3485,484779,P05,K00P05,S01P05,D04
824,2015-05-07,3465,3500,3320,3490,248238,P05,P00P05,P10P05,D04
825,2015-05-08,3580,3580,3425,3445,264288,M01,P00M01,P10M01,U04
826,2015-05-11,3495,3695,3485,3660,606286,P05,M00P05,S07P05,U04
827,2015-05-12,3670,3770,3610,3680,478995,K00,P00K00,S01K00,T01
828,2015-05-13,3700,4160,3595,4035,1279950,P05,K00P05,P10P05,D04
829,2015-05-14,3995,4125,3940,3990,575194,M05,P00M05,P10M05,U02
830,2015-05-15,4000,4140,3915,4105,527593,P05,M00P05,S06P05,U04
831,2015-05-18,4100,4100,3660,3740,1260509,M01,P00M01,S01M01,T01
832,2015-05-19,3735,3790,3385,3480,1467223,M05,M00M05,S07M05,U04
833,2015-05-20,3480,3620,3450,3615,481019,P05,M00P05,M10P05,T01
834,2015-05-21,3590,3620,3455,3485,368264,M05,P00M05,S00M05,T01
835,2015-05-22,3465,3670,3465,3515,299588,P04,M00P04,S06P04,U04
836,2015-05-26,3515,3635,3515,3575,214848,P03,P00P03,S00P03,T01
837,2015-05-27,3590,3590,3430,3490,242933,M01,P00M01,P10M01,D04
838,2015-05-28,3545,3550,3400,3490,335801,M05,M00M05,S07M05,U04
839,2015-05-29,3455,3610,3435,3510,334710,P05,M00P05,M10P05,T01
840,2015-06-01,3470,3490,3305,3350,548216,M05,P00M05,S00M05,D04
841,2015-06-02,3395,3470,3345,3450,275873,P05,M00P05,S07P05,U03
842,2015-06-03,3365,3495,3320,3430,224354,P05,P00P05,S01P05,T01
843,2015-06-04,3445,3465,3365,3395,117414,M05,P00M05,P10M05,U04
844,2015-06-05,3390,3415,3300,3390,186675,K01,M00K01,S03K01,D04
845,2015-06-08,3485,3610,3465,3510,623289,P05,K00P05,M10P05,U03
846,2015-06-09,3515,3645,3480,3570,389136,P05,P00P05,P10P05,D04
847,2015-06-10,3615,3940,3615,3880,1141265,P03,P00P03,P10P03,T01
848,2015-06-11,3920,3925,3720,3770,448508,M05,P00M05,P10M05,U04
849,2015-06-12,3800,3830,3595,3695,245431,M05,M00M05,S03M05,U02
850,2015-06-15,3650,3670,3460,3495,347734,M05,M00M05,M10M05,D04
851,2015-06-16,3450,3580,3385,3525,174291,P05,M00P05,M10P05,D04
852,2015-06-17,3515,3555,3400,3520,147466,K01,P00K01,S00K01,U04
853,2015-06-18,3525,3910,3525,3800,533423,P03,K00P03,P10P03,U03
854,2015-06-19,3935,3935,3765,3820,412884,M01,P00M01,P10M01,U04
855,2015-06-22,3850,3890,3700,3750,208289,M05,M00M05,S05M05,D04
856,2015-06-23,3795,3800,3680,3800,212163,K01,M00K01,M10K01,U04
857,2015-06-24,3805,3925,3775,3860,239947,P05,K00P05,S01P05,U02
858,2015-06-25,3890,3890,3720,3810,248677,M01,P00M01,P10M01,D04
859,2015-06-26,3790,3880,3740,3790,313550,K00,M00K00,S03K00,T01
860,2015-06-29,3660,3715,3570,3640,215548,M05,K00M05,M10M05,D04
861,2015-06-30,3640,3940,3640,3855,869301,P03,M00P03,S07P03,D04
862,2015-07-01,3880,4025,3855,3870,664846,M05,P00M05,S02M05,U04
863,2015-07-02,3895,4500,3880,4170,1491757,P05,M00P05,S05P05,U04
864,2015-07-03,4280,4450,4180,4275,1113752,M05,P00M05,S01M05,U04
865,2015-07-06,4180,4285,4090,4140,784884,M05,M00M05,S05M05,T01
866,2015-07-07,4180,4245,3995,4090,382104,M05,M00M05,M10M05,D04
867,2015-07-08,4120,4255,4105,4185,437122,P05,M00P05,M10P05,U02
868,2015-07-09,4185,4200,3950,4110,300912,M05,P00M05,S01M05,D04
869,2015-07-10,4095,4295,4095,4285,503862,P03,M00P03,S07P03,U03
870,2015-07-13,4355,4690,4345,4690,1249769,P01,P00P01,S02P01,U04
871,2015-07-14,4690,4875,4530,4815,794187,P05,P00P05,P10P05,U04
872,2015-07-15,4810,4995,4735,4785,642917,M05,P00M05,P10M05,U04
873,2015-07-16,4810,4965,4690,4950,641046,P05,M00P05,S06P05,T01
874,2015-07-17,5000,5100,4780,4855,934583,M05,P00M05,S01M05,U04
875,2015-07-20,4855,4950,4790,4950,463194,P01,M00P01,S03P01,U04
876,2015-07-21,5000,5060,4900,4945,435540,M05,P00M05,S00M05,U03
877,2015-07-22,4900,5380,4900,5270,1600497,P03,M00P03,S03P03,T01
878,2015-07-23,5300,5410,5180,5340,636992,P05,P00P05,S02P05,D04
879,2015-07-24,5330,5330,5090,5170,397687,M01,P00M01,P10M01,D04
880,2015-07-27,5190,5190,5000,5090,217278,M01,M00M01,S07M01,D04
881,2015-07-28,4900,4900,4335,4500,1510703,M01,M00M01,M10M01,D04
882,2015-07-29,4550,4700,4470,4590,644067,P05,M00P05,M10P05,U04
883,2015-07-30,4600,4670,3950,4065,1059101,M15,P00M15,S01M15,U04
884,2015-07-31,4015,4385,4015,4335,693403,P03,M10P03,S07P03,U04
885,2015-08-03,4400,4465,4305,4330,292957,M05,P00M05,S00M05,T01
886,2015-08-04,4330,4450,4320,4445,306218,P05,M00P05,S03P05,T01
887,2015-08-05,4460,4775,4400,4775,831183,P01,P00P01,S02P01,T01
888,2015-08-06,4790,4800,4660,4680,371943,M05,P00M05,P10M05,U04
889,2015-08-07,4615,4725,4505,4670,209108,P05,M00P05,S03P05,D04
890,2015-08-10,4660,4680,4345,4395,322938,M05,P00M05,S08M05,T01
891,2015-08-11,4435,4460,4225,4275,331688,M05,M00M05,S07M05,U04
892,2015-08-12,4275,4365,4055,4270,380054,M05,M00M05,M10M05,D04
893,2015-08-13,4270,4300,4165,4295,176319,P05,M00P05,M10P05,U02
894,2015-08-17,4295,4300,4095,4100,248706,M05,P00M05,S04M05,U04
895,2015-08-18,4080,4130,3845,3845,506091,M03,M00M03,S07M03,U04
896,2015-08-19,3805,3880,3620,3795,614028,M05,M00M05,M10M05,D04
897,2015-08-20,3800,3935,3760,3850,317518,P05,M00P05,M10P05,D04
898,2015-08-21,3665,3800,3525,3615,454176,M05,P00M05,S01M05,D04
899,2015-08-24,3600,3730,3450,3600,440297,K00,M00K00,S07K00,D04
900,2015-08-25,3615,3745,3500,3695,521683,P05,K00P05,M10P05,D04
901,2015-08-26,3750,3830,3665,3830,363151,P01,P00P01,P10P01,D04
902,2015-08-27,3870,3940,3800,3800,271729,M03,P00M03,P10M03,U04
903,2015-08-28,3835,3855,3785,3790,240349,M05,M00M05,S03M05,U04
904,2015-08-31,3820,4020,3735,3970,323437,P05,M00P05,M10P05,U04
905,2015-09-01,3940,3990,3825,3860,282109,M05,P00M05,S01M05,D04
906,2015-09-02,3735,3820,3710,3790,234716,P05,M00P05,S06P05,D04
907,2015-09-03,3790,3825,3670,3670,244848,M03,P00M03,S08M03,U04
908,2015-09-04,3685,3735,3430,3430,381056,M03,M00M03,S07M03,D04
909,2015-09-07,3440,3640,3395,3510,207918,P05,M00P05,M10P05,D04
910,2015-09-08,3550,3575,3320,3370,225453,M05,P00M05,S01M05,D04
911,2015-09-09,3485,3600,3405,3595,240752,P05,M00P05,S07P05,U04
912,2015-09-10,3520,3595,3500,3580,121631,P05,P00P05,S01P05,D04
913,2015-09-11,3610,3615,3520,3540,122066,M05,P00M05,P10M05,U04
914,2015-09-14,3570,3590,3480,3520,80982,M05,M00M05,S03M05,U04
915,2015-09-15,3520,3555,3480,3535,106595,K00,M00K00,M10K00,D04
916,2015-09-16,3565,3600,3515,3600,271966,P01,K00P01,S00P01,U04
917,2015-09-17,3660,3810,3585,3640,461217,M05,P00M05,P10M05,U04
918,2015-09-18,3660,3680,3625,3660,143374,K00,M00K00,S05K00,U02
919,2015-09-21,3605,3660,3480,3520,252384,M05,K00M05,S04M05,D04
920,2015-09-22,3485,3515,3415,3480,257459,M05,M00M05,S07M05,U01
921,2015-09-23,3445,3490,3385,3385,175899,M03,M00M03,M10M03,D04
922,2015-09-24,3425,3440,3380,3400,155078,M05,M00M05,M10M05,T01
923,2015-09-25,3400,3450,3390,3425,93110,P05,M00P05,M10P05,D04
924,2015-09-30,3390,3450,3365,3425,112823,P05,P00P05,S04P05,D04
925,2015-10-01,3465,3530,3420,3490,133751,P05,P00P05,P10P05,U04
926,2015-10-02,3505,3810,3490,3770,535163,P05,P00P05,P10P05,U02
927,2015-10-05,3800,3850,3750,3775,176516,M05,P00M05,P10M05,U04
928,2015-10-06,3780,3825,3685,3690,154047,M05,M00M05,S05M05,U04
929,2015-10-07,3690,3720,3645,3700,82513,K00,M00K00,M10K00,D04
930,2015-10-08,3700,3755,3575,3610,186267,M05,K00M05,S00M05,U04
931,2015-10-12,3600,3670,3565,3635,209160,P05,M00P05,S07P05,U04
932,2015-10-13,3635,3640,3415,3485,275025,M05,P00M05,S00M05,U03
933,2015-10-14,3510,3510,3445,3500,143385,M02,M00M02,S07M02,D04
934,2015-10-15,3495,3545,3455,3545,92867,P01,M00P01,M10P01,D04
935,2015-10-16,3550,3575,3435,3450,195339,M05,P00M05,S02M05,U04
936,2015-10-19,3490,3490,3395,3400,111047,M01,M00M01,S07M01,U04
937,2015-10-20,3445,3535,3425,3525,108711,P05,M00P05,M10P05,U04
938,2015-10-21,3525,3530,3460,3480,65692,M05,P00M05,S01M05,D04
939,2015-10-22,3460,3515,3360,3410,215279,M05,M00M05,S03M05,D04
940,2015-10-23,3415,3450,3360,3430,158058,K01,M00K01,M10K01,U04
941,2015-10-26,3430,3450,3365,3410,91957,M05,K00M05,S01M05,U04
942,2015-10-27,3505,3840,3430,3490,757116,M05,M00M05,S04M05,U01
943,2015-10-28,3500,3545,3495,3510,133636,K00,M00K00,M10K00,T01
944,2015-10-29,3520,3580,3510,3570,203567,P05,K00P05,S04P05,U04
945,2015-10-30,3570,3585,3500,3545,82331,M05,P00M05,P10M05,D04
946,2015-11-02,3545,3545,3380,3435,179745,M01,M00M01,S03M01,D04
947,2015-11-03,3435,3445,3385,3430,139682,M05,M00M05,M10M05,U04
948,2015-11-04,3435,3490,3430,3470,106364,P05,M00P05,M10P05,U04
949,2015-11-05,3450,3490,3350,3465,90083,K01,P00K01,S01K01,T01
950,2015-11-06,3440,3470,3300,3340,238612,M05,K00M05,P10M05,D04
951,2015-11-09,3360,3365,3275,3275,156439,M03,M00M03,S07M03,U04
952,2015-11-10,3245,3265,3150,3215,140980,M05,M00M05,M10M05,D04
953,2015-11-11,3170,3280,3170,3270,92332,P03,M00P03,M10P03,T01
954,2015-11-12,3265,3275,3235,3275,64972,K01,P00K01,S02K01,D04
955,2015-11-13,3255,3255,3185,3205,67411,M01,K00M01,P10M01,D04
956,2015-11-16,3150,3215,3070,3080,70906,M05,M00M05,S07M05,D04
957,2015-11-17,3095,3180,3080,3160,86316,P05,M00P05,M10P05,U04
958,2015-11-18,3150,3195,3125,3170,40341,P05,P00P05,S01P05,T01
959,2015-11-19,3170,3210,3160,3190,84786,P05,P00P05,P10P05,U04
960,2015-11-20,3190,3390,3190,3320,138380,P03,P00P03,P10P03,T01
961,2015-11-23,3330,3465,3330,3385,133588,P03,P00P03,P10P03,U04
962,2015-11-24,3355,3415,3340,3365,54961,K00,P00K00,P10K00,T01
963,2015-11-25,3400,3445,3340,3425,60979,P05,K00P05,P10P05,T01
964,2015-11-26,3400,3425,3345,3390,69553,M05,P00M05,P10M05,T01
965,2015-11-27,3390,3390,3260,3280,71894,M01,M00M01,S07M01,U03
966,2015-11-30,3275,3275,3215,3240,67085,M01,M00M01,M10M01,U03
967,2015-12-01,3275,3280,3210,3265,60004,M05,M00M05,M10M05,D04
968,2015-12-02,3240,3320,3210,3225,66320,M05,M00M05,M10M05,U04
969,2015-12-03,3205,3265,3170,3180,54586,M05,M00M05,M10M05,D04
970,2015-12-04,3150,3150,3100,3115,54786,M01,M00M01,M10M01,D04
971,2015-12-07,3120,3145,3075,3080,70958,M05,M00M05,M10M05,U04
972,2015-12-08,3055,3075,2960,2985,98877,M05,M00M05,M10M05,D04
973,2015-12-09,2960,3025,2930,2960,48135,K00,M00K00,M10K00,T01
974,2015-12-10,2950,3075,2935,2980,78357,P05,K00P05,M10P05,D04
975,2015-12-11,2965,3085,2965,3000,69040,P04,P00P04,P10P04,U04
976,2015-12-14,2940,2940,2820,2860,83232,M01,P00M01,P10M01,D04
977,2015-12-15,2895,2995,2870,2915,54593,P05,M00P05,S07P05,U04
978,2015-12-16,2960,3000,2915,2945,47559,M05,P00M05,S01M05,U04
979,2015-12-17,2950,3025,2945,2965,39557,P05,M00P05,S05P05,U04
980,2015-12-18,2910,3000,2910,2980,21759,P03,P00P03,S04P03,D04
981,2015-12-21,2945,3000,2930,2940,37623,M05,P00M05,P10M05,D04
982,2015-12-22,2945,2945,2880,2890,52137,M01,M00M01,S06M01,U04
983,2015-12-23,2910,2940,2875,2900,42500,M05,M00M05,M10M05,U04
984,2015-12-24,2910,2950,2895,2920,32041,K00,M00K00,M10K00,U04
985,2015-12-28,2910,2955,2900,2930,70007,P05,K00P05,S04P05,U01
986,2015-12-29,2930,3020,2915,3000,50444,P05,P00P05,S04P05,T01
987,2015-12-30,2985,3080,2985,3045,27136,P03,P00P03,P10P03,U04
988,2016-01-04,3045,3045,2940,2950,86535,M01,P00M01,P10M01,D04
989,2016-01-05,2915,3055,2915,3000,59511,P03,M00P03,S07P03,D04
990,2016-01-06,3000,3205,3000,3180,124820,P03,P00P03,S00P03,T01
991,2016-01-07,3225,3350,3130,3135,234114,M05,P00M05,P10M05,D04
992,2016-01-08,3100,3150,3050,3120,61889,P05,M00P05,S03P05,D04
993,2016-01-11,3095,3145,3020,3040,28252,M05,P00M05,S08M05,D04
994,2016-01-12,3025,3100,3010,3010,30866,M04,M00M04,S07M04,T01
995,2016-01-13,3015,3080,3010,3045,23970,P05,M00P05,M10P05,U04
996,2016-01-14,2980,3085,2965,3075,36665,P05,P00P05,S01P05,D04
997,2016-01-15,3055,3060,2940,2940,56038,M03,P00M03,P10M03,U04
998,2016-01-18,2890,3105,2890,3020,31942,P03,M00P03,S07P03,U04
999,2016-01-19,2990,3040,2965,2985,32366,M05,P00M05,S00M05,D04
1000,2016-01-20,3035,3035,2760,2840,70406,M01,M00M01,S06M01,T01
1001,2016-01-21,2835,2880,2765,2810,24622,M05,M00M05,M10M05,T01
1002,2016-01-22,2810,2895,2790,2835,32484,P05,M00P05,M10P05,T01
1003,2016-01-25,2825,2885,2805,2820,86360,M05,P00M05,S04M05,U04
1004,2016-01-26,2790,2820,2760,2775,54600,M05,M00M05,S04M05,D04
1005,2016-01-27,2775,2815,2705,2740,49644,M05,M00M05,M10M05,U04
1006,2016-01-28,2720,2805,2715,2770,38994,P05,M00P05,M10P05,D04
1007,2016-01-29,2780,2855,2780,2855,79002,P00,P00P00,S00P00,U04
1008,2016-02-01,2850,2880,2810,2840,29154,M05,P00M05,P10M05,U04
1009,2016-02-02,2810,2865,2810,2830,25709,P03,M00P03,S06P03,U02
1010,2016-02-03,2800,2875,2775,2800,54374,K00,P00K00,S08K00,D04
1011,2016-02-04,2825,2845,2805,2845,47550,P01,K00P01,P10P01,D04
1012,2016-02-05,2880,2880,2845,2860,31539,M01,P00M01,P10M01,U02
1013,2016-02-11,2765,2820,2740,2750,59895,M05,M00M05,S05M05,U04
1014,2016-02-12,2710,2745,2600,2640,179825,M05,M00M05,M10M05,D04
1015,2016-02-15,2645,2745,2640,2715,60779,P05,M00P05,M10P05,D04
1016,2016-02-16,2715,2780,2705,2765,48516,P05,P00P05,S01P05,U04
1017,2016-02-17,2795,2835,2760,2780,31505,M05,P00M05,P10M05,U04
1018,2016-02-18,2780,2845,2775,2810,47277,P05,M00P05,S05P05,U04
1019,2016-02-19,2785,3580,2775,3030,1388018,P05,P00P05,S02P05,D04
1020,2016-02-22,2990,3050,2890,2970,448556,M05,P00M05,P10M05,U04
1021,2016-02-23,3005,3390,3000,3110,968478,P05,M00P05,S06P05,U04
1022,2016-02-24,3115,3210,3065,3080,198196,M05,P00M05,S01M05,D04
1023,2016-02-25,3115,3140,3035,3060,145625,M05,M00M05,S03M05,U04
1024,2016-02-26,3060,3080,2995,3050,133380,M05,M00M05,M10M05,U04
1025,2016-02-29,3070,3120,3020,3045,55036,M05,M00M05,M10M05,U03
1026,2016-03-02,3090,3140,3055,3095,92884,K00,M00K00,S04K00,U04
1027,2016-03-03,3135,3135,3060,3105,56201,M01,K00M01,S01M01,U04
1028,2016-03-04,3120,3135,3065,3135,38354,K01,M00K01,S05K01,U01
1029,2016-03-07,3140,3140,3075,3080,88012,M01,K00M01,S04M01,U03
1030,2016-03-08,3100,3100,3015,3040,59551,M01,M00M01,S07M01,T01
1031,2016-03-09,3045,3075,3025,3075,35223,P01,M00P01,M10P01,D04
1032,2016-03-10,3050,3100,3050,3090,43376,P03,P00P03,S01P03,U04
1033,2016-03-11,3100,3115,3075,3080,97251,M05,P00M05,P10M05,T01
1034,2016-03-14,3070,3280,3065,3245,231705,P05,M00P05,S03P05,U04
1035,2016-03-15,3265,3265,3135,3150,132326,M01,P00M01,S02M01,U01
1036,2016-03-16,3105,3215,3105,3200,106204,P03,M00P03,S03P03,D04
1037,2016-03-17,3200,3350,3195,3200,163798,K02,P00K02,S00K02,U04
1038,2016-03-18,3200,3255,3160,3235,65774,P05,K00P05,P10P05,U03
1039,2016-03-21,3335,3335,3160,3215,123796,M01,P00M01,P10M01,U04
1040,2016-03-22,3300,3300,3175,3190,63455,M01,M00M01,S03M01,U04
1041,2016-03-23,3190,3190,3105,3125,157482,M01,M00M01,M10M01,U03
1042,2016-03-24,3140,3140,3060,3070,67225,M01,M00M01,M10M01,D04
1043,2016-03-25,3050,3175,3050,3150,110682,P03,M00P03,M10P03,D04
1044,2016-03-28,3180,3190,3140,3160,46428,M05,P00M05,S02M05,U02
1045,2016-03-29,3155,3215,3140,3170,60871,K00,M00K00,S05K00,T01
1046,2016-03-30,3190,3210,3120,3180,120918,M05,K00M05,S04M05,U04
1047,2016-03-31,3200,3275,3190,3240,176435,P05,M00P05,S05P05,U04
1048,2016-04-01,3220,3270,3170,3225,106784,K00,P00K00,S01K00,T01
1049,2016-04-04,3225,3245,3160,3220,90121,M05,K00M05,P10M05,U04
1050,2016-04-05,3190,3225,3140,3170,141370,M05,M00M05,S04M05,D04
1051,2016-04-06,3140,3300,3085,3185,115668,P05,M00P05,M10P05,D04
1052,2016-04-07,3170,3220,3140,3165,107549,M05,P00M05,S00M05,U04
1053,2016-04-08,3115,3195,3110,3170,243447,P05,M00P05,S06P05,D04
1054,2016-04-11,3150,3210,3145,3175,142519,P05,P00P05,S02P05,U01
1055,2016-04-12,3160,3290,3160,3250,148042,P03,P00P03,P10P03,D04
1056,2016-04-14,3220,3300,3220,3285,131092,P03,P00P03,P10P03,U04
1057,2016-04-15,3285,3415,3280,3345,193258,P05,P00P05,P10P05,T01
1058,2016-04-18,3295,3350,3255,3290,80877,M05,P00M05,P10M05,T01
1059,2016-04-19,3290,3305,3265,3300,51494,K01,M00K01,S06K01,U04
1060,2016-04-20,3300,3300,3245,3280,83133,M01,K00M01,S04M01,D04
1061,2016-04-21,3270,3370,3270,3365,210450,P03,M00P03,S04P03,U02
1062,2016-04-22,3390,3390,3310,3345,91660,M01,P00M01,S02M01,T01
1063,2016-04-25,3335,3360,3270,3300,50563,M05,M00M05,S03M05,D04
1064,2016-04-26,3350,3350,3190,3220,87554,M01,M00M01,M10M01,T01
1065,2016-04-27,3220,3235,3135,3145,102490,M05,M00M05,M10M05,T01
1066,2016-04-28,3125,3190,3070,3150,152513,P05,M00P05,M10P05,D04
1067,2016-04-29,3180,3180,3070,3100,58572,M01,P00M01,S00M01,D04
1068,2016-05-02,3145,3145,2990,3015,110402,M01,M00M01,S07M01,D04
1069,2016-05-03,3010,3055,3005,3050,41947,P05,M00P05,M10P05,U04
1070,2016-05-04,3010,3050,2980,2985,65205,M05,P00M05,S00M05,D04
1071,2016-05-09,3045,3045,2910,2945,65000,M01,M00M01,S07M01,U04
1072,2016-05-10,2920,2990,2900,2980,53932,P05,M00P05,M10P05,U04
1073,2016-05-11,3015,3015,2955,2990,32373,M01,P00M01,S00M01,U04
1074,2016-05-12,2990,3080,2930,3060,50677,P05,M00P05,S05P05,D04
1075,2016-05-13,3055,3105,3015,3060,55258,K00,P00K00,S02K00,D04
1076,2016-05-16,3105,3155,2975,3005,280081,M05,K00M05,P10M05,D04
1077,2016-05-17,3040,3040,2865,2910,137741,M01,M00M01,S07M01,U04
1078,2016-05-18,2900,2900,2770,2775,244654,M01,M00M01,M10M01,D04
1079,2016-05-19,2800,2815,2675,2700,185781,M05,M00M05,M10M05,U04
1080,2016-05-20,2710,2800,2695,2775,67308,P05,M00P05,M10P05,D04
1081,2016-05-23,2780,2850,2760,2835,75955,P05,P00P05,S01P05,U04
1082,2016-05-24,2840,2860,2705,2745,125186,M05,P00M05,P10M05,T01
1083,2016-05-25,2770,2800,2740,2790,57981,P05,M00P05,S07P05,U04
1084,2016-05-26,2815,2815,2730,2760,68975,M01,P00M01,S01M01,U04
1085,2016-05-27,2790,2835,2770,2815,47410,P05,M00P05,S07P05,U02
1086,2016-05-30,2825,2830,2780,2810,51274,M05,P00M05,S01M05,U02
1087,2016-05-31,2815,2875,2810,2840,50942,P05,M00P05,S03P05,U04
1088,2016-06-01,2840,2860,2810,2845,49588,K00,P00K00,S01K00,U04
1089,2016-06-02,2875,2905,2860,2900,77922,P05,K00P05,P10P05,U01
1090,2016-06-03,2900,2950,2885,2935,74893,P05,P00P05,P10P05,U04
1091,2016-06-07,2940,2975,2905,2935,72195,M05,P00M05,P10M05,U04
1092,2016-06-08,2920,2975,2920,2945,28258,P03,M00P03,S03P03,T01
1093,2016-06-09,2945,2975,2835,2900,111686,M05,P00M05,S04M05,U03
1094,2016-06-10,2890,2935,2865,2920,65912,P05,M00P05,S07P05,D04
1095,2016-06-13,2880,2935,2840,2920,54348,P05,P00P05,S00P05,D04
1096,2016-06-14,2920,2920,2810,2840,38075,M01,P00M01,P10M01,D04
1097,2016-06-15,2835,2860,2770,2800,92579,M05,M00M05,S07M05,T01
1098,2016-06-16,2820,2820,2730,2750,94811,M01,M00M01,M10M01,T01
1099,2016-06-17,2790,2815,2750,2780,70142,M05,M00M05,M10M05,U03
1100,2016-06-20,2775,2830,2775,2805,25936,P03,M00P03,M10P03,D04
1101,2016-06-21,2830,2895,2820,2880,81534,P05,P00P05,S02P05,U04
1102,2016-06-22,2895,2920,2875,2900,76557,K00,P00K00,P10K00,U02
1103,2016-06-23,2870,2895,2835,2890,50805,P05,K00P05,P10P05,T01
1104,2016-06-24,2890,2930,2660,2750,151067,M05,P00M05,P10M05,U04
1105,2016-06-27,2620,2770,2605,2710,75307,P05,M00P05,S07P05,D04
1106,2016-06-28,2710,2720,2675,2710,73925,K01,P00K01,S08K01,D04
1107,2016-06-29,2720,2865,2720,2845,98300,P03,K00P03,P10P03,U04
1108,2016-06-30,2830,2880,2830,2865,73178,P03,P00P03,P10P03,U04
1109,2016-07-01,2860,2910,2860,2900,58139,P03,P00P03,P10P03,U04
1110,2016-07-04,2950,2950,2880,2910,58220,M01,P00M01,P10M01,U04
1111,2016-07-05,2880,2905,2860,2880,59226,K00,M00K00,S05K00,U04
1112,2016-07-06,2855,2875,2800,2825,57361,M05,K00M05,M10M05,D04
1113,2016-07-07,2820,2890,2820,2870,69187,P03,M00P03,S07P03,U04
1114,2016-07-08,2865,2870,2815,2850,68407,M05,P00M05,S02M05,U04
1115,2016-07-11,2850,2865,2825,2845,34219,M05,M00M05,S06M05,U04
1116,2016-07-12,2845,2975,2830,2930,111364,P05,M00P05,S04P05,U04
1117,2016-07-13,2950,3000,2925,2940,46249,M05,P00M05,S02M05,U04
1118,2016-07-14,2980,3050,2920,3005,125397,P05,M00P05,S05P05,D04
1119,2016-07-15,3010,3060,2970,3050,96612,P05,P00P05,S01P05,U04
1120,2016-07-18,3070,3165,3020,3130,208144,P05,P00P05,P10P05,T01
1121,2016-07-19,3115,3160,3055,3060,79684,M05,P00M05,P10M05,U04
1122,2016-07-20,3090,3090,3015,3065,59168,M02,M00M02,S07M02,D04
1123,2016-07-21,3065,3165,3035,3075,69190,K00,M00K00,M10K00,U04
1124,2016-07-22,3070,3145,3030,3075,26152,K00,K00K00,S04K00,D04
1125,2016-07-25,3055,3080,3040,3070,55674,K00,K00K00,S04K00,U04
1126,2016-07-26,3040,3105,3040,3095,36097,P03,K00P03,S04P03,T01
1127,2016-07-27,3120,3120,3050,3095,51778,M01,P00M01,P10M01,U03
1128,2016-07-28,3100,3115,3055,3115,82286,K01,M00K01,S03K01,U04
1129,2016-07-29,3115,3135,3080,3110,23176,M05,K00M05,S04M05,U04
1130,2016-08-01,3120,3130,3000,3065,95474,M05,M00M05,S04M05,U02
1131,2016-08-02,3050,3090,3035,3075,53937,P05,M00P05,M10P05,U04
1132,2016-08-03,3050,3095,3035,3050,26388,K00,P00K00,S00K00,D04
1133,2016-08-04,3085,3085,3010,3050,43243,M01,K00M01,S04M01,U04
1134,2016-08-05,3040,3070,3015,3045,54946,K00,M00K00,S07K00,U02
1135,2016-08-08,3045,3070,2915,2980,127123,M05,K00M05,S08M05,U04
1136,2016-08-09,2970,3020,2940,3005,108396,P05,M00P05,S07P05,T01
1137,2016-08-10,3020,3040,2975,3030,64355,K01,P00K01,S00K01,U03
1138,2016-08-11,3040,3055,2980,3030,53132,M05,K00M05,P10M05,D04
1139,2016-08-12,3055,3055,2975,3015,53186,M01,M00M01,S04M01,U04
1140,2016-08-16,3015,3045,2985,3005,96552,M05,M00M05,M10M05,U04
1141,2016-08-17,2890,2970,2865,2945,282293,P05,M00P05,M10P05,D04
1142,2016-08-18,2945,2965,2880,2910,79326,M05,P00M05,S08M05,T01
1143,2016-08-19,2920,2965,2860,2905,55382,M05,M00M05,S03M05,U03
1144,2016-08-22,2915,2920,2835,2860,63831,M05,M00M05,M10M05,T01
1145,2016-08-23,2850,2880,2820,2865,47932,P05,M00P05,M10P05,U02
1146,2016-08-24,2865,2880,2835,2865,42043,K00,P00K00,S00K00,U04
1147,2016-08-25,2865,2885,2835,2860,42865,M05,K00M05,S04M05,D04
1148,2016-08-26,2860,2860,2815,2840,56304,M01,M00M01,S04M01,T01
1149,2016-08-29,2815,2845,2775,2785,55592,M05,M00M05,S04M05,U02
1150,2016-08-30,2775,2820,2770,2795,63871,P05,M00P05,M10P05,U03
1151,2016-08-31,2780,2835,2740,2770,60240,M05,P00M05,S00M05,T01
1152,2016-09-01,2770,2805,2740,2770,61908,K00,M00K00,S04K00,T01
1153,2016-09-02,2755,2835,2755,2815,93664,P03,K00P03,S04P03,U03
1154,2016-09-05,2815,2860,2805,2840,99946,P05,P00P05,P10P05,U03
1155,2016-09-06,2835,2860,2810,2815,45393,M05,P00M05,P10M05,U04
1156,2016-09-07,2820,2845,2805,2845,29199,P01,M00P01,S04P01,U04
1157,2016-09-08,2820,2860,2790,2820,87411,K00,P00K00,S01K00,U02
1158,2016-09-09,2810,2845,2790,2845,75533,P01,K00P01,S04P01,D04
1159,2016-09-12,2830,2855,2780,2850,46571,P05,P00P05,P10P05,D04
1160,2016-09-13,2850,2890,2835,2885,64913,P05,P00P05,P10P05,U04
1161,2016-09-19,2895,2915,2860,2910,81485,P05,P00P05,P10P05,T01
1162,2016-09-20,2885,2965,2885,2945,101359,P03,P00P03,P10P03,T01
1163,2016-09-21,2935,2955,2910,2935,36390,K00,P00K00,P10K00,U02
1164,2016-09-22,2930,2960,2870,2895,97182,M05,K00M05,P10M05,U04
1165,2016-09-23,2875,2900,2860,2890,20618,P05,M00P05,S07P05,U04
1166,2016-09-26,2875,2900,2730,2875,79400,K01,P00K01,S08K01,D04
1167,2016-09-27,2860,2920,2860,2915,95730,P03,K00P03,S04P03,D04
1168,2016-09-28,2895,2940,2895,2915,89455,P03,P00P03,P10P03,U04
1169,2016-09-29,2930,2940,2900,2935,48205,K01,P00K01,P10K01,U03
1170,2016-09-30,2900,2950,2885,2910,43828,K00,K00K00,P10K00,D04
1171,2016-10-04,2910,2930,2880,2920,65174,K01,K00K01,P10K01,T01
1172,2016-10-05,2920,2930,2880,2910,30587,M05,K00M05,S04M05,T01
1173,2016-10-06,2895,2930,2880,2885,47177,M05,M00M05,S04M05,U04
1174,2016-10-07,2885,2920,2860,2910,91485,P05,M00P05,M10P05,T01
1175,2016-10-10,2900,2915,2880,2915,35878,P01,P00P01,S04P01,T01
1176,2016-10-11,2900,2920,2830,2895,43857,M05,P00M05,P10M05,U04
1177,2016-10-12,2890,2900,2860,2885,20615,M05,M00M05,S04M05,D04
1178,2016-10-13,2865,2890,2830,2875,37056,K00,M00K00,S04K00,T01
1179,2016-10-14,2850,2865,2830,2855,43486,K00,K00K00,S04K00,D04
1180,2016-10-17,2855,2890,2835,2870,35082,P05,K00P05,S04P05,T01
1181,2016-10-18,2870,2885,2820,2845,28323,M05,P00M05,S04M05,D04
1182,2016-10-19,2855,2855,2820,2850,34632,M02,M00M02,S04M02,U04
1183,2016-10-20,2845,2860,2805,2830,27607,M05,M00M05,S04M05,U01
1184,2016-10-21,2810,2845,2795,2830,60374,P05,M00P05,S04P05,T01
1185,2016-10-24,2810,2845,2800,2835,94080,P05,P00P05,S08P05,U04
1186,2016-10-25,2835,2865,2765,2845,59457,K01,P00K01,S04K01,U04
1187,2016-10-26,2850,2850,2770,2800,45804,M01,K00M01,P10M01,D04
1188,2016-10-27,2800,2845,2775,2815,57396,P05,M00P05,S07P05,D04
1189,2016-10-28,2795,2845,2795,2810,27859,P04,P00P04,S00P04,D04
1190,2016-10-31,2785,2810,2745,2775,37993,M05,P00M05,S04M05,D04
1191,2016-11-01,2750,2790,2730,2770,31453,P05,M00P05,S07P05,T01
1192,2016-11-02,2750,2775,2660,2690,58310,M05,P00M05,S08M05,D04
1193,2016-11-03,2690,2790,2680,2790,88392,P01,M00P01,S07P01,D04
1194,2016-11-04,2790,2815,2730,2785,33736,M05,P00M05,S02M05,D04
1195,2016-11-07,2790,2800,2740,2770,30103,M05,M00M05,S03M05,T01
1196,2016-11-08,2770,2795,2755,2780,18006,K00,M00K00,S04K00,U04
1197,2016-11-09,2775,2790,2600,2650,96142,M05,K00M05,S04M05,U04
1198,2016-11-10,2660,2740,2660,2735,31092,P03,M00P03,S07P03,U04
1199,2016-11-11,2740,2765,2705,2750,20944,K00,P00K00,S01K00,D04
1200,2016-11-14,2740,2770,2740,2765,25624,P03,K00P03,P10P03,U04
1201,2016-11-15,2755,2780,2725,2740,67791,M05,P00M05,S04M05,D04
1202,2016-11-16,2755,2815,2755,2790,28801,P03,M00P03,S04P03,U04
1203,2016-11-17,2765,2810,2765,2805,11630,P03,P00P03,S01P03,U04
1204,2016-11-18,2800,2805,2740,2765,39327,M05,P00M05,P10M05,U04
1205,2016-11-21,2765,2785,2705,2725,39071,M05,M00M05,S07M05,T01
1206,2016-11-22,2745,2765,2695,2735,31800,M05,M00M05,M10M05,U04
1207,2016-11-23,2735,2755,2705,2730,47960,M05,M00M05,M10M05,U04
1208,2016-11-24,2735,2750,2645,2675,91696,M05,M00M05,S04M05,U04
1209,2016-11-25,2680,2690,2620,2640,55304,M05,M00M05,M10M05,T01
1210,2016-11-28,2630,2650,2595,2605,47150,M05,M00M05,M10M05,U04
1211,2016-11-29,2590,2640,2575,2600,50059,K00,M00K00,M10K00,D04
1212,2016-11-30,2600,2625,2550,2575,65057,M05,K00M05,S08M05,U03
1213,2016-12-01,2575,2605,2550,2595,44455,P05,M00P05,S04P05,D04
1214,2016-12-02,2595,2610,2550,2595,51801,K00,P00K00,S04K00,D04
1215,2016-12-05,2590,2595,2535,2580,39526,M05,K00M05,S04M05,U01
1216,2016-12-06,2545,2575,2545,2565,55852,P03,M00P03,S04P03,U04
1217,2016-12-07,2560,2575,2545,2550,25498,M05,P00M05,S08M05,U04
1218,2016-12-08,2585,2610,2550,2590,63856,K00,M00K00,S04K00,U04
1219,2016-12-09,2595,2600,2560,2595,13160,K01,K00K01,S01K01,U04
1220,2016-12-12,2595,2655,2590,2635,70261,P05,K00P05,S04P05,U04
1221,2016-12-13,2615,2745,2615,2690,70554,P03,P00P03,P10P03,D04
1222,2016-12-14,2735,2735,2685,2700,25333,M01,P00M01,P10M01,U04
1223,2016-12-15,2720,2720,2665,2720,39569,K01,M00K01,S05K01,D04
1224,2016-12-16,2740,2740,2675,2715,57264,M01,K00M01,M10M01,U04
1225,2016-12-19,2695,2750,2695,2745,15312,P03,M00P03,S04P03,D04
1226,2016-12-20,2745,2745,2665,2685,40219,M01,P00M01,S02M01,U04
1227,2016-12-21,2695,2695,2635,2670,102153,M01,M00M01,S07M01,U04
1228,2016-12-22,2690,2690,2640,2660,38102,M01,M00M01,M10M01,T01
1229,2016-12-23,2650,2670,2630,2635,37286,M05,M00M05,M10M05,D04
1230,2016-12-26,2635,2660,2600,2625,64844,M05,M00M05,M10M05,D04
1231,2016-12-27,2635,2655,2615,2645,81084,K00,M00K00,S04K00,U04
1232,2016-12-28,2655,2655,2615,2640,46058,M01,K00M01,S04M01,U04
1233,2016-12-29,2670,2675,2640,2650,52527,M05,M00M05,S04M05,D04
1234,2017-01-02,2630,2675,2620,2645,40154,P05,M00P05,M10P05,D04
1235,2017-01-03,2655,2665,2630,2655,49558,K00,P00K00,S08K00,D04
1236,2017-01-04,2655,2765,2645,2720,112693,P05,K00P05,S04P05,U04
1237,2017-01-05,2720,2745,2705,2740,43724,P05,P00P05,P10P05,U04
1238,2017-01-06,2745,2775,2725,2760,26559,P05,P00P05,P10P05,U03
1239,2017-01-09,2760,2770,2715,2740,32219,M05,P00M05,P10M05,U04
1240,2017-01-10,2760,2760,2700,2735,24831,M01,M00M01,S04M01,U03
1241,2017-01-11,2745,2810,2705,2800,64681,P05,M00P05,S04P05,U04
1242,2017-01-12,2800,2800,2745,2775,52260,M01,P00M01,S01M01,U03
1243,2017-01-13,2775,2795,2735,2785,16833,K01,M00K01,S03K01,D04
1244,2017-01-16,2785,2785,2745,2785,18216,K01,K00K01,S04K01,D04
1245,2017-01-17,2780,2780,2730,2765,27812,M02,K00M02,S04M02,U04
1246,2017-01-18,2765,2800,2720,2765,16263,K00,M00K00,S04K00,D04
1247,2017-01-19,2765,2785,2705,2755,40606,M05,K00M05,S04M05,U04
1248,2017-01-20,2765,2765,2700,2745,59389,M02,M00M02,S04M02,D04
1249,2017-01-23,2710,2760,2705,2730,36026,P05,M00P05,S04P05,U04
1250,2017-01-24,2710,2770,2670,2705,25760,M05,P00M05,S08M05,T01
1251,2017-01-25,2715,2715,2640,2640,48913,M00,M00M00,S04M00,U04
1252,2017-01-26,2650,2720,2640,2710,31521,P05,M00P05,M10P05,U04
1253,2017-01-31,2665,2710,2660,2700,20535,P05,P00P05,S01P05,D04
1254,2017-02-01,2710,2710,2680,2700,15724,M02,P00M02,P10M02,T01
1255,2017-02-02,2745,2745,2655,2655,32530,M00,M00M00,S03M00,U04
1256,2017-02-03,2655,2695,2630,2670,52545,P05,M00P05,M10P05,T01
1257,2017-02-06,2670,2715,2620,2690,26521,P05,P00P05,S00P05,U04
1258,2017-02-07,2690,2715,2645,2680,21208,M05,P00M05,P10M05,T01
1259,2017-02-08,2695,2695,2620,2630,71189,M01,M00M01,S04M01,U03
1260,2017-02-09,2645,2665,2620,2655,62791,K01,M00K01,M10K01,U02
1261,2017-02-10,2655,2700,2650,2680,54166,P05,K00P05,S01P05,U04
1262,2017-02-13,2685,2695,2665,2685,21900,K00,P00K00,P10K00,U04
1263,2017-02-14,2685,2690,2655,2670,53575,M05,K00M05,P10M05,U04
1264,2017-02-15,2690,2715,2660,2710,27031,P05,M00P05,S04P05,U04
1265,2017-02-16,2715,2745,2690,2720,21812,K00,P00K00,S01K00,U04
1266,2017-02-17,2745,2745,2700,2720,50291,M01,K00M01,P10M01,T01
1267,2017-02-20,2710,2755,2710,2720,34192,K02,M00K02,S03K02,T01
1268,2017-02-21,2725,2755,2710,2730,41405,K00,K00K00,S08K00,U04
1269,2017-02-22,2740,2750,2710,2710,45291,M03,K00M03,S04M03,U04
1270,2017-02-23,2730,2820,2710,2800,126363,P05,M00P05,S07P05,T01
1271,2017-02-24,2825,2825,2740,2750,54525,M01,P00M01,S01M01,D04
1272,2017-02-27,2775,2800,2750,2790,21720,P05,M00P05,S03P05,U03
1273,2017-02-28,2800,2800,2740,2740,36457,M00,P00M00,S01M00,U04
1274,2017-03-02,2740,2780,2735,2755,16747,P05,M00P05,S07P05,U04
1275,2017-03-03,2775,2775,2705,2720,74678,M01,P00M01,S00M01,D04
1276,2017-03-06,2675,2720,2670,2690,24601,P05,M00P05,S07P05,U02
1277,2017-03-07,2680,2760,2680,2750,28889,P03,P00P03,S08P03,D04
1278,2017-03-08,2755,2760,2710,2740,44576,M05,P00M05,P10M05,T01
1279,2017-03-09,2740,2740,2695,2715,37400,M01,M00M01,S03M01,U01
1280,2017-03-10,2715,2740,2675,2725,40638,K01,M00K01,M10K01,T01
1281,2017-03-13,2740,2750,2710,2745,49164,K01,K00K01,S04K01,U04
1282,2017-03-14,2750,2760,2725,2745,32828,M05,K00M05,P10M05,U03
1283,2017-03-15,2745,2765,2735,2750,29000,K00,M00K00,S04K00,D04
1284,2017-03-16,2760,2770,2740,2765,30122,K01,K00K01,S04K01,U04
1285,2017-03-17,2770,2775,2740,2755,35927,M05,K00M05,S04M05,T01
1286,2017-03-20,2765,2765,2720,2735,58256,M01,M00M01,S04M01,T01
1287,2017-03-21,2755,2755,2720,2740,56797,M01,M00M01,M10M01,T01
1288,2017-03-22,2725,2745,2715,2715,39816,M04,M00M04,M10M04,D04
1289,2017-03-23,2745,2765,2720,2745,47322,K00,M00K00,M10K00,U04
1290,2017-03-24,2760,2760,2725,2730,16872,M01,K00M01,M10M01,T01
1291,2017-03-27,2725,2730,2685,2690,39519,M05,M00M05,S07M05,U03
1292,2017-03-28,2690,2740,2675,2735,41043,P05,M00P05,M10P05,U03
1293,2017-03-29,2735,2740,2720,2730,6533,M05,P00M05,S02M05,U04
1294,2017-03-30,2730,2735,2705,2720,10363,M05,M00M05,S03M05,U04
1295,2017-03-31,2730,2730,2710,2715,17764,M01,M00M01,S04M01,U04
1296,2017-04-03,2740,2820,2720,2770,86460,P05,M00P05,S04P05,T01
1297,2017-04-04,2780,2795,2750,2775,24246,M05,P00M05,S01M05,D04
1298,2017-04-05,2775,2850,2750,2800,92756,P05,M00P05,S05P05,U01
1299,2017-04-06,2815,2815,2765,2795,47832,M01,P00M01,S04M01,D04
1300,2017-04-07,2775,2820,2770,2795,43418,P05,M00P05,S03P05,U03
1301,2017-04-10,2775,2790,2725,2725,29818,M03,P00M03,S08M03,T01
1302,2017-04-11,2725,2765,2695,2720,8998,M05,M00M05,S07M05,U01
1303,2017-04-12,2720,2745,2675,2675,37735,M03,M00M03,M10M03,T01
1304,2017-04-13,2675,2695,2635,2675,41811,K00,M00K00,M10K00,D04
1305,2017-04-14,2675,2695,2640,2645,29708,M05,K00M05,M10M05,D04
1306,2017-04-17,2645,2695,2640,2685,13617,P05,M00P05,S07P05,D04
1307,2017-04-18,2685,2700,2650,2690,23198,K01,P00K01,S02K01,U04
1308,2017-04-19,2690,2710,2665,2690,18258,K00,K00K00,P10K00,T01
1309,2017-04-20,2690,2700,2660,2695,17874,K01,K00K01,S04K01,U03
1310,2017-04-21,2705,2890,2675,2710,181947,K02,K00K02,S04K02,U04
1311,2017-04-24,2710,2750,2705,2735,18374,P05,K00P05,S04P05,T01
1312,2017-04-25,2740,2760,2715,2730,19056,M05,P00M05,P10M05,U04
1313,2017-04-26,2760,2760,2720,2735,12413,M01,M00M01,S03M01,U04
1314,2017-04-27,2735,2740,2720,2735,14260,K00,M00K00,M10K00,T01
1315,2017-04-28,2735,2735,2715,2730,13167,M02,K00M02,S04M02,U04
1316,2017-05-02,2735,2745,2720,2730,49897,M05,M00M05,S04M05,U04
1317,2017-05-04,2730,2760,2715,2750,30741,P05,M00P05,S04P05,D04
1318,2017-05-08,2750,2750,2720,2740,16369,M02,P00M02,S04M02,U04
1319,2017-05-10,2715,2750,2715,2725,21529,K00,M00K00,S04K00,U04
1320,2017-05-11,2740,2740,2695,2720,27356,M01,K00M01,S08M01,U02
1321,2017-05-12,2705,2725,2695,2720,25415,P05,M00P05,S04P05,T01
1322,2017-05-15,2700,2735,2695,2710,42195,K00,P00K00,S08K00,U01
1323,2017-05-16,2725,2725,2665,2700,150372,M01,K00M01,S04M01,U04
1324,2017-05-17,2710,2710,2650,2680,74010,M01,M00M01,S04M01,U04
1325,2017-05-18,2670,2680,2645,2655,22363,M05,M00M05,M10M05,D04
1326,2017-05-19,2650,2680,2630,2655,33463,K00,M00K00,M10K00,U04
1327,2017-05-22,2660,2680,2645,2680,29151,P01,K00P01,S04P01,U04
1328,2017-05-23,2665,2695,2665,2685,20557,P03,P00P03,P10P03,U04
1329,2017-05-24,2680,2695,2665,2675,19667,M05,P00M05,S04M05,U01
1330,2017-05-25,2670,2695,2660,2695,88434,P01,M00P01,S04P01,U04
1331,2017-05-26,2695,2710,2680,2705,36055,K01,P00K01,S04K01,U04
1332,2017-05-29,2715,2780,2710,2735,82862,P05,K00P05,P10P05,U04
1333,2017-05-30,2750,2765,2720,2740,29955,M05,P00M05,P10M05,U01
1334,2017-05-31,2770,2770,2725,2750,28935,M01,M00M01,S05M01,T01
1335,2017-06-01,2750,2765,2710,2760,36466,K01,M00K01,M10K01,T01
1336,2017-06-02,2760,2760,2740,2750,33520,M01,K00M01,S04M01,U04
1337,2017-06-05,2755,2765,2735,2740,33000,M05,M00M05,S04M05,U04
1338,2017-06-07,2730,2760,2715,2715,53456,M04,M00M04,S04M04,D04
1339,2017-06-08,2740,2760,2720,2755,34844,P05,M00P05,M10P05,U04
1340,2017-06-09,2750,2770,2735,2755,31683,K00,P00K00,S01K00,U04
1341,2017-06-12,2750,2800,2730,2765,63092,P05,K00P05,S04P05,D04
1342,2017-06-13,2765,2855,2745,2850,379174,P05,P00P05,S04P05,D04
1343,2017-06-14,2870,2915,2855,2900,308023,P05,P00P05,P10P05,U04
1344,2017-06-15,2885,2900,2830,2860,223388,M05,P00M05,P10M05,D04
1345,2017-06-16,2860,2885,2815,2865,68418,K00,M00K00,S07K00,D04
1346,2017-06-19,2865,2870,2810,2820,52572,M05,K00M05,S04M05,T01
1347,2017-06-20,2820,2835,2735,2790,180861,M05,M00M05,S07M05,U04
1348,2017-06-21,2780,2780,2735,2735,37772,M00,M00M00,M10M00,D04
1349,2017-06-22,2750,2780,2710,2720,84026,M05,M00M05,M10M05,U04
1350,2017-06-23,2720,2745,2720,2735,27353,P03,M00P03,M10P03,U01
1351,2017-06-26,2755,2795,2740,2765,42371,K00,P00K00,S00K00,U04
1352,2017-06-27,2790,2820,2765,2805,61690,P05,K00P05,P10P05,D04
1353,2017-06-28,2810,2810,2765,2775,41758,M01,P00M01,P10M01,D04
1354,2017-06-29,2850,2850,2775,2790,32769,M01,M00M01,S07M01,U04
1355,2017-06-30,2760,2830,2755,2825,41042,P05,M00P05,M10P05,D04
1356,2017-07-03,2845,2870,2805,2830,80963,M05,P00M05,S00M05,T01
1357,2017-07-04,2850,2895,2830,2830,107128,M04,M00M04,S05M04,T01
1358,2017-07-05,2830,2870,2820,2855,36701,P05,M00P05,S04P05,D04
1359,2017-07-06,2855,2880,2835,2860,47087,K00,P00K00,S04K00,U04
1360,2017-07-07,2860,2885,2850,2860,69920,K00,K00K00,P10K00,D04
1361,2017-07-10,2865,2875,2845,2860,63358,M05,K00M05,S04M05,U04
1362,2017-07-11,2810,2850,2755,2825,103206,P05,M00P05,S04P05,U04
1363,2017-07-12,2825,2830,2780,2790,50063,M05,P00M05,S08M05,U03
1364,2017-07-13,2830,2830,2760,2800,24577,M01,M00M01,S07M01,U04
1365,2017-07-14,2805,2810,2755,2770,46151,M05,M00M05,M10M05,U03
1366,2017-07-17,2760,2780,2720,2770,27107,K01,M00K01,M10K01,U04
1367,2017-07-18,2770,2800,2745,2780,29947,K00,K00K00,S08K00,T01
1368,2017-07-19,2780,2815,2775,2805,37329,P05,K00P05,S04P05,U04
1369,2017-07-20,2790,2840,2790,2815,22751,P03,P00P03,P10P03,U04
1370,2017-07-21,2805,2825,2785,2785,51415,M03,P00M03,P10M03,U01
1371,2017-07-24,2785,2810,2750,2810,45971,P01,M00P01,S07P01,T01
1372,2017-07-25,2795,2810,2760,2795,42942,K00,P00K00,S04K00,U04
1373,2017-07-26,2795,2795,2750,2770,42436,M01,K00M01,S04M01,T01
1374,2017-07-27,2765,2785,2755,2770,18405,K00,M00K00,S04K00,U02
1375,2017-07-28,2770,2770,2730,2750,49126,M01,K00M01,S08M01,D04
1376,2017-07-31,2740,2740,2680,2730,60835,M02,M00M02,S04M02,T01
1377,2017-08-01,2715,2740,2705,2730,27802,P05,M00P05,M10P05,D04
1378,2017-08-02,2740,2750,2700,2720,56220,M05,P00M05,S04M05,U03
1379,2017-08-03,2725,2725,2675,2695,47825,M01,M00M01,S04M01,T01
1380,2017-08-04,2710,2735,2690,2710,33759,K00,M00K00,M10K00,D04
1381,2017-08-07,2705,2720,2675,2700,38489,M05,K00M05,M10M05,U03
1382,2017-08-08,2700,2700,2655,2685,16277,M02,M00M02,S04M02,U04
1383,2017-08-09,2690,2690,2645,2660,21204,M01,M00M01,S04M01,T01
1384,2017-08-10,2660,2675,2595,2600,71429,M05,M00M05,M10M05,D04
1385,2017-08-11,2580,2580,2515,2515,117949,M00,M00M00,M10M00,D04
1386,2017-08-14,2535,2540,2485,2505,77516,M05,M00M05,M10M05,U04
1387,2017-08-16,2535,2620,2525,2570,47114,P05,M00P05,M10P05,T01
1388,2017-08-17,2565,2590,2545,2570,21942,K00,P00K00,S01K00,U03
1389,2017-08-18,2570,2590,2555,2585,16430,P05,K00P05,P10P05,D04
1390,2017-08-21,2595,2600,2550,2585,29055,M05,P00M05,S04M05,T01
1391,2017-08-22,2590,2595,2575,2585,12570,M05,M00M05,S04M05,T01
1392,2017-08-23,2570,2585,2545,2580,43591,K01,M00K01,S04K01,U04
1393,2017-08-24,2580,2600,2565,2600,17473,P01,K00P01,S04P01,D04
1394,2017-08-25,2600,2615,2575,2610,12185,K01,P00K01,P10K01,T01
1395,2017-08-28,2600,2620,2565,2620,16207,P01,K00P01,P10P01,T01
1396,2017-08-29,2615,2625,2585,2615,14365,K00,P00K00,S04K00,U04
1397,2017-08-30,2610,2635,2595,2615,27835,K00,K00K00,S04K00,U04
1398,2017-08-31,2640,2640,2600,2605,21761,M01,K00M01,S04M01,U04
1399,2017-09-01,2595,2630,2595,2625,18795,P03,M00P03,S07P03,U04
1400,2017-09-04,2570,2665,2555,2630,92032,P05,P00P05,S00P05,U04
1401,2017-09-05,2650,2650,2570,2600,13722,M01,P00M01,P10M01,U02
1402,2017-09-06,2600,2600,2565,2580,7950,M01,M00M01,S03M01,D04
1403,2017-09-07,2600,2710,2575,2610,53873,K00,M00K00,M10K00,U04
1404,2017-09-08,2620,2650,2585,2615,16717,M05,K00M05,S01M05,U01
1405,2017-09-11,2620,2620,2565,2580,18455,M01,M00M01,S04M01,D04
1406,2017-09-12,2600,2610,2570,2590,7098,M05,M00M05,M10M05,U04
1407,2017-09-13,2575,2595,2555,2560,10738,M05,M00M05,M10M05,U04
1408,2017-09-14,2545,2575,2530,2545,26262,K00,M00K00,M10K00,U01
1409,2017-09-15,2540,2550,2505,2515,30078,M05,K00M05,M10M05,D04
1410,2017-09-18,2535,2545,2515,2530,17052,M05,M00M05,S07M05,U04
1411,2017-09-19,2530,2555,2510,2530,17441,K00,M00K00,S04K00,U02
1412,2017-09-20,2535,2555,2510,2545,34488,K01,K00K01,S04K01,U02
1413,2017-09-21,2540,2570,2505,2535,21456,M05,K00M05,S04M05,T01
1414,2017-09-22,2525,2525,2410,2470,52158,M01,M00M01,S04M01,D04
1415,2017-09-25,2390,2435,2375,2395,62588,K00,M00K00,M10K00,U01
1416,2017-09-26,2395,2425,2360,2425,80422,P01,K00P01,S08P01,D04
1417,2017-09-27,2400,2490,2395,2420,35640,P05,P00P05,P10P05,U02
1418,2017-09-28,2420,2465,2390,2460,19046,P05,P00P05,P10P05,U04
1419,2017-09-29,2430,2490,2410,2460,21726,P05,P00P05,P10P05,T01
1420,2017-10-10,2505,2505,2475,2490,16207,M01,P00M01,P10M01,T01
1421,2017-10-11,2425,2490,2425,2460,41165,P03,M00P03,S05P03,U02
1422,2017-10-12,2470,2490,2450,2490,15817,P01,P00P01,S08P01,U03
1423,2017-10-13,2500,2500,2450,2490,22493,M02,P00M02,P10M02,T01
1424,2017-10-16,2495,2540,2470,2500,55021,K00,M00K00,S03K00,U03
1425,2017-10-17,2460,2520,2460,2490,32429,P03,K00P03,S04P03,U04
1426,2017-10-18,2520,2560,2490,2510,44463,M05,P00M05,P10M05,T01
1427,2017-10-19,2525,2555,2505,2535,33800,K00,M00K00,S05K00,T01
1428,2017-10-20,2530,2570,2530,2540,20309,K00,K00K00,S04K00,D04
1429,2017-10-23,2560,2560,2525,2535,10804,M01,K00M01,S04M01,U04
1430,2017-10-24,2560,2560,2490,2505,12955,M01,M00M01,S03M01,D04
1431,2017-10-25,2480,2515,2475,2490,26544,K00,M00K00,M10K00,U03
1432,2017-10-26,2505,2525,2475,2500,12677,M05,K00M05,S08M05,D04
1433,2017-10-27,2515,2525,2480,2515,33243,K01,M00K01,S05K01,T01
1434,2017-10-30,2545,2545,2480,2505,43313,M01,K00M01,S04M01,U04
1435,2017-10-31,2515,2515,2485,2500,20029,M01,M00M01,S07M01,T01
1436,2017-11-01,2515,2520,2490,2515,26166,K01,M00K01,M10K01,U04
1437,2017-11-02,2525,2525,2480,2500,32457,M01,K00M01,S04M01,T01
1438,2017-11-03,2515,2525,2485,2520,21734,K01,M00K01,S04K01,T01
1439,2017-11-06,2525,2525,2485,2515,13301,M02,K00M02,S04M02,U04
1440,2017-11-07,2485,2510,2485,2510,26372,P00,M00P00,S04P00,U04
1441,2017-11-08,2510,2520,2490,2510,20093,K00,P00K00,S08K00,T01
1442,2017-11-09,2510,2515,2490,2500,13976,M05,K00M05,P10M05,U04
1443,2017-11-10,2520,2545,2500,2545,20944,P01,M00P01,S04P01,D04
1444,2017-11-13,2545,2550,2520,2545,14601,K01,P00K01,S01K01,T01
1445,2017-11-14,2555,2555,2510,2530,15224,M01,K00M01,S04M01,U02
1446,2017-11-15,2540,2790,2540,2655,311051,P03,M00P03,S04P03,D04
1447,2017-11-16,2660,2710,2595,2660,93590,K00,P00K00,S01K00,D04
1448,2017-11-17,2695,2700,2640,2665,37937,M05,K00M05,P10M05,U04
1449,2017-11-20,2690,2720,2655,2660,50120,M05,M00M05,S05M05,T01
1450,2017-11-21,2690,2695,2570,2590,45884,M05,M00M05,M10M05,U02
1451,2017-11-22,2620,2650,2585,2625,12235,K00,M00K00,M10K00,U04
1452,2017-11-23,2615,2635,2590,2595,34920,M05,K00M05,S01M05,U04
1453,2017-11-24,2575,2600,2565,2600,58779,P01,M00P01,S07P01,U01
1454,2017-11-27,2600,2625,2595,2615,41235,P05,P00P05,S00P05,U04
1455,2017-11-28,2605,2635,2605,2630,43878,P03,P00P03,P10P03,T01
1456,2017-11-29,2630,2630,2570,2625,52753,M02,P00M02,P10M02,U04
1457,2017-11-30,2630,2630,2580,2585,31958,M01,M00M01,S04M01,D04
1458,2017-12-01,2585,2595,2565,2575,16058,M05,M00M05,M10M05,U04
1459,2017-12-04,2560,2590,2515,2590,100165,P01,M00P01,M10P01,D04
1460,2017-12-05,2565,2595,2540,2585,39663,P05,P00P05,S02P05,D04
1461,2017-12-06,2585,2620,2550,2555,24527,M05,P00M05,P10M05,T01
1462,2017-12-07,2555,2580,2520,2545,93397,M05,M00M05,S07M05,U03
1463,2017-12-08,2535,2565,2520,2545,19381,K00,M00K00,M10K00,U04
1464,2017-12-11,2555,2555,2525,2530,20393,M01,K00M01,S04M01,U04
1465,2017-12-12,2555,2565,2490,2540,74118,M05,M00M05,S04M05,U04
1466,2017-12-13,2540,2545,2520,2525,15775,M05,M00M05,S04M05,T01
1467,2017-12-14,2520,2535,2490,2495,109452,M05,M00M05,M10M05,U03
1468,2017-12-15,2495,2540,2485,2530,32206,P05,M00P05,M10P05,D04
1469,2017-12-18,2540,2540,2450,2450,81193,M00,P00M00,S02M00,U04
1470,2017-12-19,2470,2475,2430,2455,48215,M05,M00M05,S07M05,U04
1471,2017-12-20,2440,2470,2440,2455,30933,P03,M00P03,M10P03,D04
1472,2017-12-21,2450,2455,2435,2450,13164,K00,P00K00,S08K00,T01
1473,2017-12-22,2460,2460,2435,2455,16074,M02,K00M02,S04M02,U01
1474,2017-12-26,2455,2460,2435,2455,21977,K01,M00K01,S04K01,T01
1475,2017-12-27,2430,2455,2420,2435,38591,K00,K00K00,S04K00,D04
1476,2017-12-28,2485,2485,2420,2445,51076,M01,K00M01,P10M01,U01
1477,2018-01-02,2450,2450,2420,2440,27390,M02,M00M02,S05M02,D04
1478,2018-01-03,2425,2460,2425,2450,13365,P03,M00P03,M10P03,U04
1479,2018-01-04,2455,2455,2420,2440,28096,M01,P00M01,S02M01,U04
1480,2018-01-05,2450,2455,2420,2440,27426,M05,M00M05,S03M05,U03
1481,2018-01-08,2450,2470,2430,2470,58548,P01,M00P01,S04P01,U04
1482,2018-01-09,2475,2475,2420,2450,104084,M01,P00M01,S01M01,U04
1483,2018-01-10,2450,2455,2420,2430,53372,M05,M00M05,S07M05,U01
1484,2018-01-11,2430,2455,2415,2440,34982,K00,M00K00,M10K00,T01
1485,2018-01-12,2445,2460,2415,2435,63376,M05,K00M05,S04M05,U04
1486,2018-01-15,2440,2440,2410,2435,46281,M02,M00M02,S04M02,U04
1487,2018-01-16,2435,2435,2350,2395,242351,M01,M00M01,S04M01,U04
1488,2018-01-17,2395,2405,2365,2385,53916,M05,M00M05,M10M05,D04
1489,2018-01-18,2395,2465,2390,2455,86861,P05,M00P05,M10P05,U04
1490,2018-01-19,2445,2550,2440,2525,191725,P05,P00P05,S01P05,T01
1491,2018-01-22,2555,2555,2500,2525,61181,M01,P00M01,P10M01,U04
1492,2018-01-23,2515,2535,2500,2530,26135,P05,M00P05,S03P05,U04
1493,2018-01-24,2550,2600,2505,2575,76380,P05,P00P05,S00P05,U04
1494,2018-01-25,2600,2635,2565,2625,77990,P05,P00P05,P10P05,D04
1495,2018-01-26,2635,2650,2585,2645,99450,K01,P00K01,P10K01,T01
1496,2018-01-29,2650,2685,2635,2680,64313,P05,K00P05,P10P05,U04
1497,2018-01-30,2680,2710,2670,2680,68930,K00,P00K00,P10K00,D04
1498,2018-01-31,2680,2720,2650,2715,77547,P05,K00P05,P10P05,D04
1499,2018-02-01,2725,2730,2710,2730,40679,K01,P00K01,P10K01,U02
1500,2018-02-02,2705,2735,2665,2680,79740,M05,K00M05,P10M05,D04
1501,2018-02-05,2650,2750,2600,2650,144213,K00,M00K00,S07K00,D04
1502,2018-02-06,2590,2600,2530,2575,68247,M05,K00M05,M10M05,D04
1503,2018-02-07,2600,2675,2575,2575,38176,M04,M00M04,S07M04,U04
1504,2018-02-08,2560,2640,2560,2595,37148,P03,M00P03,S04P03,D04
1505,2018-02-09,2540,2610,2525,2575,43456,P05,P00P05,S00P05,D04
1506,2018-02-12,2615,2615,2555,2560,31753,M01,P00M01,P10M01,U04
1507,2018-02-13,2595,2595,2550,2550,25980,M00,M00M00,S03M00,U04
1508,2018-02-14,2550,2585,2540,2565,30720,P05,M00P05,M10P05,U04
1509,2018-02-19,2575,2655,2555,2605,77517,P05,P00P05,S00P05,U04
1510,2018-02-20,2605,2630,2575,2610,68545,K00,P00K00,P10K00,T01
1511,2018-02-21,2785,2885,2720,2820,1026595,P05,K00P05,P10P05,T01
1512,2018-02-22,2815,2990,2800,2880,782394,P05,P00P05,P10P05,T01
1513,2018-02-23,2945,2945,2855,2930,244633,M02,P00M02,P10M02,T01
1514,2018-02-26,2990,3010,2910,3000,509348,K01,M00K01,S05K01,U04
1515,2018-02-27,3025,3030,2930,2970,210672,M05,K00M05,S01M05,U04
1516,2018-02-28,2945,3235,2945,3165,2401204,P03,M00P03,S07P03,D04
1517,2018-03-02,3200,3345,3120,3320,1529296,P05,P00P05,S02P05,D04
1518,2018-03-05,3320,3400,3225,3290,680422,M05,P00M05,P10M05,U04
1519,2018-03-06,3290,3500,3285,3460,760590,P05,M00P05,S03P05,U04
1520,2018-03-07,3490,3490,3290,3340,478232,M01,P00M01,S02M01,U04
1521,2018-03-08,3350,3730,3350,3680,1511222,P03,M00P03,S03P03,U04
1522,2018-03-09,3650,3760,3360,3580,927818,M05,P00M05,S01M05,U04
1523,2018-03-12,3520,3620,3430,3430,520441,M03,M00M03,S06M03,U04
1524,2018-03-13,3460,3480,3280,3400,692554,M05,M00M05,M10M05,U04
1525,2018-03-14,3400,3410,3245,3375,428946,M05,M00M05,M10M05,D04
1526,2018-03-15,3370,3370,3230,3255,688715,M01,M00M01,M10M01,T01
1527,2018-03-16,3260,3380,3250,3280,384719,P05,M00P05,M10P05,T01
1528,2018-03-19,3320,3420,3305,3345,463599,P05,P00P05,S01P05,T01
1529,2018-03-20,3370,3495,3350,3420,391851,P05,P00P05,P10P05,D04
1530,2018-03-21,3480,3485,3270,3300,417390,M05,P00M05,P10M05,U03
1531,2018-03-22,3310,3360,3260,3280,212659,M05,M00M05,S07M05,T01
1532,2018-03-23,3230,3270,3125,3150,359872,M05,M00M05,M10M05,D04
1533,2018-03-26,3150,3265,3085,3265,225128,P01,M00P01,M10P01,D04
1534,2018-03-27,3300,3325,3160,3220,128045,M05,P00M05,S02M05,U04
1535,2018-03-28,3220,3250,3160,3245,155533,P05,M00P05,S03P05,D04
1536,2018-03-29,3300,3300,3170,3195,125558,M01,P00M01,S00M01,D04
1537,2018-03-30,3245,3245,3185,3195,121392,M01,M00M01,S07M01,D04
1538,2018-04-02,3210,3285,3100,3125,219167,M05,M00M05,M10M05,U04
1539,2018-04-03,3140,3220,3120,3220,148848,P01,M00P01,M10P01,D04
1540,2018-04-04,3270,3270,3090,3120,140480,M01,P00M01,S01M01,U04
1541,2018-04-05,3120,3190,3050,3160,156509,P05,M00P05,S07P05,U04
1542,2018-04-06,3160,3180,3100,3125,102076,M05,P00M05,S00M05,U04
1543,2018-04-09,3170,3205,3125,3200,97213,P05,M00P05,S03P05,D04
1544,2018-04-10,3225,3265,3120,3250,142054,P05,P00P05,S01P05,U04
1545,2018-04-11,3245,3290,3180,3260,97915,K00,P00K00,P10K00,U04
1546,2018-04-12,3260,3330,3220,3265,134557,K00,K00K00,P10K00,D04
1547,2018-04-13,3265,3300,3230,3260,53444,M05,K00M05,S04M05,U04
1548,2018-04-16,3275,3330,3200,3230,89279,M05,M00M05,S04M05,D04
1549,2018-04-17,3210,3250,3200,3235,48012,P05,M00P05,M10P05,U04
1550,2018-04-18,3265,3265,3180,3215,138906,M01,P00M01,S00M01,U04
1551,2018-04-19,3245,3250,3185,3230,104298,M05,M00M05,S03M05,U03
1552,2018-04-20,3260,3370,3240,3325,327582,P05,M00P05,M10P05,D04
1553,2018-04-23,3380,3410,3325,3385,276450,K00,P00K00,S01K00,D04
1554,2018-04-24,3395,3425,3335,3340,164812,M05,K00M05,P10M05,T01
1555,2018-04-25,3325,3365,3260,3320,171035,M05,M00M05,S07M05,D04
1556,2018-04-26,3360,3380,3250,3280,175116,M05,M00M05,M10M05,T01
1557,2018-04-27,3320,3335,3260,3325,156265,K01,M00K01,M10K01,U04
1558,2018-04-30,3335,3380,3290,3325,234844,M05,K00M05,S01M05,T01
1559,2018-05-02,3330,3525,3330,3525,574933,P00,M00P00,S04P00,U04
1560,2018-05-03,3575,3585,3370,3415,434909,M05,P00M05,S01M05,D04
1561,2018-05-04,4015,4180,3540,3540,2812691,M13,M00M13,S03M13,T01
1562,2018-05-08,3640,3810,3560,3620,1247112,M05,M10M05,M10M05,U04
1563,2018-05-09,3650,3725,3460,3680,644269,P05,M00P05,M10P05,T01
1564,2018-05-10,3745,3795,3655,3740,371835,M05,P00M05,S01M05,U04
1565,2018-05-11,3795,3840,3695,3830,555989,P05,M00P05,S05P05,U04
1566,2018-05-14,3910,4100,3885,4090,889991,P05,P00P05,S01P05,T01
1567,2018-05-15,4165,4170,3950,4010,524887,M05,P00M05,P10M05,U02
1568,2018-05-16,3695,3825,3640,3680,920220,M05,M00M05,S03M05,D04
1569,2018-05-17,3690,3785,3680,3740,367552,P05,M00P05,M10P05,U04
1570,2018-05-18,3765,3780,3680,3780,261125,K01,P00K01,S01K01,T01
1571,2018-05-21,3765,3935,3760,3855,541369,P05,K00P05,P10P05,D04
1572,2018-05-23,3850,3885,3730,3820,339523,M05,P00M05,P10M05,T01
1573,2018-05-24,3860,3860,3675,3745,336053,M01,M00M01,S06M01,U04
1574,2018-05-25,3585,3680,3515,3640,430701,P05,M00P05,M10P05,T01
1575,2018-05-28,3760,3855,3700,3815,417958,P05,P00P05,S08P05,T01
1576,2018-05-29,3815,3860,3650,3700,267437,M05,P00M05,P10M05,U02
1577,2018-05-30,3650,3845,3650,3845,385958,P00,M00P00,S07P00,D04
1578,2018-05-31,3885,3950,3770,3800,512677,M05,P00M05,S02M05,U04
1579,2018-06-01,3810,3935,3730,3790,352974,M05,M00M05,S03M05,T01
1580,2018-06-04,3880,3885,3730,3825,233238,M05,M00M05,M10M05,U04
1581,2018-06-05,3825,3830,3555,3790,262441,M05,M00M05,M10M05,U04
1582,2018-06-07,3870,4025,3805,3970,615226,P05,M00P05,M10P05,U04
1583,2018-06-08,3910,3975,3730,3760,446452,M05,P00M05,S01M05,D04
1584,2018-06-11,3750,3850,3700,3805,153803,P05,M00P05,S07P05,U02
1585,2018-06-12,3805,3830,3680,3780,249919,M05,P00M05,S00M05,U03
1586,2018-06-14,3745,3745,3610,3665,177460,M01,M00M01,S03M01,T01
1587,2018-06-15,3665,3670,3585,3610,118928,M05,M00M05,M10M05,U04
1588,2018-06-18,3590,3670,3485,3490,337305,M05,M00M05,M10M05,T01
1589,2018-06-19,3515,3590,3425,3495,209588,M05,M00M05,M10M05,T01
1590,2018-06-20,3490,3645,3475,3645,198021,P01,M00P01,M10P01,D04
1591,2018-06-21,3645,3670,3510,3510,122633,M03,P00M03,S02M03,U04
1592,2018-06-22,3510,3555,3390,3460,117984,M05,M00M05,S03M05,D04
1593,2018-06-25,3385,3565,3385,3520,59874,P03,M00P03,M10P03,T01
1594,2018-06-26,3550,3550,3375,3400,149316,M01,P00M01,S02M01,D04
1595,2018-06-27,3405,3490,3335,3420,164078,K00,M00K00,S03K00,U04
1596,2018-06-28,3420,3475,3260,3355,160688,M05,K00M05,S01M05,D04
1597,2018-06-29,3315,3395,3300,3390,106931,P05,M00P05,S07P05,U04
1598,2018-07-02,3375,3375,3200,3220,196283,M01,P00M01,S00M01,U01
1599,2018-07-03,3220,3315,3170,3270,176170,P05,M00P05,S07P05,U04
1600,2018-07-04,3215,3300,3210,3255,48150,P05,P00P05,S00P05,U04
1601,2018-07-05,3225,3280,3080,3165,226890,M05,P00M05,P10M05,D04
1602,2018-07-06,3160,3225,3130,3215,137387,P05,M00P05,S07P05,U04
1603,2018-07-09,3215,3235,3030,3140,387672,M05,P00M05,S00M05,U04
1604,2018-07-10,3115,3235,3115,3225,65556,P03,M00P03,S07P03,U04
1605,2018-07-11,3200,3250,3155,3235,57923,P05,P00P05,S02P05,U01
1606,2018-07-12,3235,3260,3165,3250,64916,K01,P00K01,P10K01,D04
1607,2018-07-13,3275,3275,3205,3245,55123,M01,K00M01,P10M01,U04
1608,2018-07-16,3350,3355,3175,3245,62670,M05,M00M05,S03M05,T01
1609,2018-07-17,3250,3250,3130,3165,71636,M01,M00M01,M10M01,T01
1610,2018-07-18,3170,3195,3075,3095,82250,M05,M00M05,M10M05,U04
1611,2018-07-19,3095,3120,3005,3070,78043,M05,M00M05,M10M05,T01
1612,2018-07-20,3070,3145,2915,3010,220676,M05,M00M05,M10M05,D04
1613,2018-07-23,3010,3040,2935,2980,66444,M05,M00M05,M10M05,T01
1614,2018-07-24,2980,3070,2960,3065,50351,P05,M00P05,M10P05,U04
1615,2018-07-25,3075,3085,3015,3060,35037,M05,P00M05,S02M05,T01
1616,2018-07-26,3030,3090,3025,3060,56929,P05,M00P05,S03P05,U04
1617,2018-07-27,3095,3100,3040,3070,35560,M05,P00M05,S08M05,D04
1618,2018-07-30,3090,3100,3045,3090,38719,K01,M00K01,S05K01,D04
1619,2018-07-31,3100,3125,3005,3100,63134,K01,K00K01,S04K01,D04
1620,2018-08-01,3120,3245,3110,3230,123092,P05,K00P05,S04P05,U04
1621,2018-08-02,3245,3345,3190,3320,129994,P05,P00P05,P10P05,U04
1622,2018-08-03,3340,3590,3295,3470,1195177,P05,P00P05,P10P05,U04
1623,2018-08-06,3465,3465,3340,3350,175713,M01,P00M01,P10M01,U02
1624,2018-08-07,3350,3375,3245,3335,190530,M05,M00M05,S06M05,U04
1625,2018-08-08,3350,3460,3335,3380,194147,P05,M00P05,M10P05,U04
1626,2018-08-09,3480,3520,3380,3485,216136,K00,P00K00,S01K00,U01
1627,2018-08-10,3485,3610,3460,3540,245322,P05,K00P05,P10P05,U01
1628,2018-08-13,3550,3580,3445,3535,248961,M05,P00M05,P10M05,D04
1629,2018-08-14,3535,3685,3535,3590,509759,P03,M00P03,S03P03,T01
1630,2018-08-16,3480,3545,3445,3495,236535,K00,P00K00,S02K00,D04
1631,2018-08-17,3515,3570,3450,3520,172986,K00,K00K00,P10K00,U04
1632,2018-08-20,3520,3565,3500,3560,153530,P05,K00P05,P10P05,U02
1633,2018-08-21,3575,3610,3510,3525,140601,M05,P00M05,P10M05,U01
1634,2018-08-22,3535,3535,3415,3530,204948,M02,M00M02,S03M02,U04
1635,2018-08-23,3600,3600,3445,3450,85778,M01,M00M01,M10M01,U04
1636,2018-08-24,3420,3540,3420,3535,140263,P03,M00P03,M10P03,T01
1637,2018-08-27,3540,3700,3520,3620,346493,P05,P00P05,S00P05,U04
1638,2018-08-28,3660,3690,3575,3615,302617,M05,P00M05,P10M05,U04
1639,2018-08-29,3620,3715,3570,3700,229278,P05,M00P05,S03P05,U02
1640,2018-08-30,3720,3720,3635,3660,129346,M01,P00M01,S01M01,U04
1641,2018-08-31,3660,3735,3640,3700,265430,P05,M00P05,S03P05,T01
1642,2018-09-03,3770,3770,3635,3660,248664,M01,P00M01,S00M01,T01
1643,2018-09-04,3660,3760,3660,3720,268504,P03,M00P03,S07P03,U03
1644,2018-09-05,3750,3750,3625,3645,197211,M01,P00M01,S00M01,T01
1645,2018-09-06,3630,3715,3580,3635,191949,K00,M00K00,S07K00,D04
1646,2018-09-07,3605,3635,3525,3560,122586,M05,K00M05,S08M05,D04
1647,2018-09-10,3540,3670,3530,3635,218764,P05,M00P05,S07P05,T01
1648,2018-09-11,3635,3680,3600,3625,79399,M05,P00M05,S02M05,U03
1649,2018-09-12,3625,3680,3605,3605,152900,M04,M00M04,S03M04,U04
1650,2018-09-13,3615,3745,3615,3735,340346,P03,M00P03,S04P03,T01
1651,2018-09-14,3750,3995,3750,3980,936583,P03,P00P03,S01P03,U04
1652,2018-09-17,4035,4050,3800,3825,519564,M05,P00M05,P10M05,T01
1653,2018-09-18,3795,3845,3705,3740,382772,M05,M00M05,S03M05,D04
1654,2018-09-19,3720,3815,3690,3740,248534,P05,M00P05,M10P05,U04
1655,2018-09-20,3715,3740,3500,3550,377564,M05,P00M05,S08M05,T01
1656,2018-09-21,3550,3650,3510,3545,117749,M05,M00M05,S07M05,U04
1657,2018-09-27,3545,3665,3545,3605,148399,P03,M00P03,M10P03,T01
1658,2018-09-28,3605,3635,3550,3610,73547,K00,P00K00,S02K00,U04
1659,2018-10-01,3600,3660,3585,3610,100028,K00,K00K00,P10K00,U01
1660,2018-10-02,3605,3610,3500,3535,91090,M05,K00M05,S04M05,T01
1661,2018-10-04,3505,3560,3440,3480,89305,M05,M00M05,S07M05,U04
1662,2018-10-05,3445,3645,3375,3430,102461,M05,M00M05,M10M05,D04
1663,2018-10-08,3450,3450,3375,3390,42757,M01,M00M01,M10M01,D04
1664,2018-10-10,3425,3425,3155,3235,187625,M01,M00M01,M10M01,T01
1665,2018-10-11,3100,3150,3050,3130,228233,P05,M00P05,M10P05,D04
1666,2018-10-12,3040,3225,3040,3195,91266,P03,P00P03,S08P03,D04
1667,2018-10-15,3165,3230,3130,3195,69911,P05,P00P05,P10P05,U04
1668,2018-10-16,3130,3170,3060,3130,289076,K00,P00K00,P10K00,D04
1669,2018-10-17,3170,3240,3120,3195,162872,P05,K00P05,P10P05,U04
1670,2018-10-18,3235,3245,3180,3190,52527,M05,P00M05,P10M05,T01
1671,2018-10-19,3195,3200,3080,3180,76122,M05,M00M05,S03M05,D04
1672,2018-10-22,3135,3345,3130,3295,119034,P05,M00P05,M10P05,D04
1673,2018-10-23,3240,3300,3110,3165,92847,M05,P00M05,S02M05,U03
1674,2018-10-24,3170,3190,3040,3070,122450,M05,M00M05,S06M05,D04
1675,2018-10-25,2935,3080,2935,2985,236092,P03,M00P03,M10P03,D04
1676,2018-10-26,2985,3035,2830,2880,198975,M05,P00M05,S08M05,U04
1677,2018-10-29,2870,2930,2715,2715,209810,M03,M00M03,S07M03,D04
1678,2018-10-30,2720,2850,2700,2800,154443,P05,M00P05,M10P05,D04
1679,2018-10-31,2885,2885,2775,2830,100763,M01,P00M01,S01M01,U04
1680,2018-11-01,2870,2975,2855,2905,103968,P05,M00P05,S05P05,U04
1681,2018-11-02,2940,3025,2920,3005,53274,P05,P00P05,S01P05,U04
1682,2018-11-05,3020,3020,2865,2970,72676,M02,P00M02,P10M02,D04
1683,2018-11-06,3000,3000,2905,2965,49456,M01,M00M01,S03M01,D04
1684,2018-11-07,3090,3090,2880,2920,107440,M01,M00M01,M10M01,U04
1685,2018-11-08,2950,3000,2950,2970,31796,P03,M00P03,M10P03,U04
1686,2018-11-09,2970,3000,2880,2905,77213,M05,P00M05,S01M05,D04
1687,2018-11-12,2940,2940,2890,2920,14935,M01,M00M01,S07M01,D04
1688,2018-11-13,2860,2940,2815,2930,37398,P05,M00P05,M10P05,D04
1689,2018-11-14,2905,2965,2885,2930,34555,P05,P00P05,S00P05,T01
1690,2018-11-15,3080,3200,2990,3030,370185,M05,P00M05,P10M05,D04
1691,2018-11-16,3035,3080,3010,3070,133240,P05,M00P05,S05P05,U04
1692,2018-11-19,3100,3180,3080,3135,109772,P05,P00P05,S01P05,T01
1693,2018-11-20,3100,3150,3085,3135,79303,P05,P00P05,P10P05,D04
1694,2018-11-21,3095,3150,3080,3105,51854,K00,P00K00,P10K00,D04
1695,2018-11-22,3105,3170,3080,3090,75293,M05,K00M05,P10M05,D04
1696,2018-11-23,3095,3120,3025,3035,81089,M05,M00M05,S04M05,U04
1697,2018-11-26,3055,3075,3020,3035,39173,M05,M00M05,M10M05,D04
1698,2018-11-27,3040,3065,3010,3040,39363,K00,M00K00,M10K00,U04
1699,2018-11-28,3045,3070,2930,2965,147560,M05,K00M05,S04M05,T01
1700,2018-11-29,2995,3000,2965,2980,53667,M05,M00M05,S07M05,U04
1701,2018-11-30,2965,3025,2960,2960,53148,M04,M00M04,M10M04,T01
1702,2018-12-03,2960,3065,2960,3020,59635,P03,M00P03,M10P03,U04
1703,2018-12-04,3015,3075,3015,3035,65714,P04,P00P04,S02P04,U04
1704,2018-12-05,2990,3030,2940,2975,112962,M05,P00M05,P10M05,U04
1705,2018-12-06,2940,2990,2925,2930,77608,M05,M00M05,S07M05,D04
1706,2018-12-07,2930,2965,2915,2950,47790,P05,M00P05,M10P05,U04
1707,2018-12-10,2910,2930,2830,2890,101100,M05,P00M05,S04M05,D04
1708,2018-12-11,2890,2935,2845,2875,27605,M05,M00M05,S07M05,U04
1709,2018-12-12,2875,2920,2820,2860,93621,M05,M00M05,M10M05,U02
1710,2018-12-13,2850,2890,2820,2880,97808,P05,M00P05,M10P05,U04
1711,2018-12-14,2850,2890,2845,2870,38450,P05,P00P05,S02P05,D04
1712,2018-12-17,2850,2870,2805,2820,65830,M05,P00M05,P10M05,D04
1713,2018-12-18,2800,2840,2745,2770,142580,M05,M00M05,S07M05,D04
1714,2018-12-19,2800,2800,2760,2800,71269,K01,M00K01,M10K01,U04
1715,2018-12-20,2750,2810,2710,2760,112091,K00,K00K00,M10K00,D04
1716,2018-12-21,2750,2800,2690,2750,179114,K00,K00K00,P10K00,D04
1717,2018-12-24,2750,2810,2720,2790,145516,P05,K00P05,S04P05,D04
1718,2018-12-26,2755,2785,2730,2775,66611,P05,P00P05,P10P05,D04
1719,2018-12-27,2775,2800,2775,2775,75988,K02,P00K02,P10K02,U04
1720,2018-12-28,2785,2825,2760,2820,23824,P05,K00P05,S04P05,U04
1721,2019-01-02,2820,2830,2765,2770,61669,M05,P00M05,P10M05,U04
1722,2019-01-03,2785,2790,2710,2730,152667,M05,M00M05,S07M05,U04
1723,2019-01-04,2700,2750,2665,2725,35768,P05,M00P05,M10P05,D04
1724,2019-01-07,2730,2795,2725,2750,58660,P05,P00P05,S08P05,U04
1725,2019-01-08,2750,2770,2720,2765,51623,P05,P00P05,P10P05,U04
1726,2019-01-09,2795,2820,2755,2790,92123,M05,P00M05,P10M05,U04
1727,2019-01-10,2790,2810,2775,2800,26442,K00,M00K00,S05K00,U04
1728,2019-01-11,2800,2805,2775,2805,57952,K01,K00K01,S04K01,U04
1729,2019-01-14,2805,2885,2805,2830,50943,P04,K00P04,S04P04,T01
1730,2019-01-15,2830,2855,2815,2840,67813,K00,P00K00,P10K00,D04
1731,2019-01-16,2840,2855,2820,2850,69713,K01,K00K01,P10K01,U04
1732,2019-01-17,2850,2860,2810,2860,64591,K01,K00K01,S04K01,U02
1733,2019-01-18,2860,2875,2840,2875,51776,P01,K00P01,S04P01,U04
1734,2019-01-21,2885,2895,2835,2880,74699,M05,P00M05,S04M05,U04
1735,2019-01-22,2890,2890,2845,2860,44693,M01,M00M01,S04M01,U04
1736,2019-01-23,2855,2875,2835,2870,30185,P05,M00P05,M10P05,D04
1737,2019-01-24,2875,2875,2850,2870,49873,M02,P00M02,S00M02,U01
1738,2019-01-25,2885,2935,2870,2930,126111,P05,M00P05,S04P05,U04
1739,2019-01-28,2960,3040,2925,3010,270747,P05,P00P05,S01P05,U04
1740,2019-01-29,3020,3020,2955,2975,83605,M01,P00M01,P10M01,D04
1741,2019-01-30,2960,3000,2960,3000,61734,P00,M00P00,S03P00,D04
1742,2019-01-31,3000,3030,2930,2985,114761,M05,P00M05,S00M05,U04
1743,2019-02-01,2985,3010,2945,3005,67362,P05,M00P05,S03P05,U04
1744,2019-02-07,3000,3075,2990,3075,182238,P01,P00P01,S04P01,D04
1745,2019-02-08,3080,3085,3025,3060,54623,M05,P00M05,P10M05,D04
1746,2019-02-11,3055,3070,3010,3015,39640,M05,M00M05,S03M05,U02
1747,2019-02-12,2995,3030,2980,3010,43575,P05,M00P05,M10P05,U02
1748,2019-02-13,3030,3095,3015,3055,121990,P05,P00P05,S08P05,U04
1749,2019-02-14,3080,3080,3015,3045,59039,M01,P00M01,P10M01,U01
1750,2019-02-15,3055,3055,2960,2995,166740,M01,M00M01,S03M01,U01
1751,2019-02-18,3015,3090,3015,3090,118093,P00,M00P00,M10P00,U01
1752,2019-02-19,3095,3325,3060,3325,342797,P01,P00P01,S01P01,U04
1753,2019-02-20,3325,3330,3185,3270,482609,M05,P00M05,P10M05,U03
1754,2019-02-21,3680,3800,3390,3400,3011344,M05,M00M05,S03M05,T01
1755,2019-02-22,3340,3550,3330,3510,870832,P05,M00P05,M10P05,D04
1756,2019-02-25,3530,3555,3450,3510,508067,M05,P00M05,S00M05,U04
1757,2019-02-26,3505,3580,3490,3535,321096,P05,M00P05,S03P05,U04
1758,2019-02-27,3535,3620,3525,3570,361034,P05,P00P05,S04P05,T01
1759,2019-02-28,3610,3610,3330,3375,431308,M01,P00M01,P10M01,U01
1760,2019-03-04,3440,3510,3405,3420,215058,M05,M00M05,S07M05,U04
1761,2019-03-05,3440,3450,3260,3340,140613,M05,M00M05,M10M05,T01
1762,2019-03-06,3340,3515,3340,3445,252155,P03,M00P03,M10P03,T01
1763,2019-03-07,3425,3465,3335,3370,139721,M05,P00M05,S02M05,D04
1764,2019-03-08,3355,3385,3295,3320,144924,M05,M00M05,S06M05,D04
1765,2019-03-11,3320,3340,3220,3290,200285,M05,M00M05,M10M05,T01
1766,2019-03-12,3345,3400,3330,3390,142510,P05,M00P05,M10P05,U04
1767,2019-03-13,3400,3440,3330,3410,142390,K00,P00K00,S01K00,U04
1768,2019-03-14,3410,3460,3390,3430,173584,P05,K00P05,P10P05,U04
1769,2019-03-15,3430,3525,3320,3385,311537,M05,P00M05,S04M05,T01
1770,2019-03-18,3420,3515,3405,3460,204220,P05,M00P05,S07P05,U04
1771,2019-03-19,3435,3490,3415,3435,131675,K00,P00K00,S01K00,U04
1772,2019-03-20,3445,3445,3355,3400,110011,M01,K00M01,P10M01,U02
1773,2019-03-21,3400,3440,3330,3345,177438,M05,M00M05,S07M05,U01
1774,2019-03-22,3365,3365,3220,3270,321014,M01,M00M01,M10M01,U04
1775,2019-03-25,3210,3240,3160,3200,181866,M05,M00M05,M10M05,D04
1776,2019-03-26,3190,3225,3125,3190,248531,K00,M00K00,M10K00,T01
1777,2019-03-27,3190,3215,3140,3180,117563,M05,K00M05,S04M05,U04
1778,2019-03-28,3190,3225,3155,3190,122870,K00,M00K00,S04K00,D04
1779,2019-03-29,3180,3230,3170,3230,148220,P01,K00P01,S04P01,U04
1780,2019-04-01,3250,3340,3230,3315,239223,P05,P00P05,P10P05,U04
1781,2019-04-02,3315,3360,3310,3315,130791,K02,P00K02,P10K02,U04
1782,2019-04-03,3350,3365,3310,3350,95854,K00,K00K00,P10K00,U03
1783,2019-04-04,3355,3365,3335,3345,95784,M05,K00M05,P10M05,U04
1784,2019-04-05,3380,3380,3295,3320,85887,M01,M00M01,S04M01,T01
1785,2019-04-08,3320,3355,3300,3345,117468,P05,M00P05,M10P05,U04
1786,2019-04-09,3360,3390,3325,3345,159677,M05,P00M05,S00M05,U03
1787,2019-04-10,3340,3480,3325,3460,306153,P05,M00P05,S03P05,D04
1788,2019-04-11,3480,3490,3450,3490,173538,K01,P00K01,S02K01,U04
1789,2019-04-12,3480,3595,3465,3580,246061,P05,K00P05,P10P05,T01
1790,2019-04-15,3600,3755,3590,3700,483876,P05,P00P05,P10P05,U04
1791,2019-04-16,3730,3730,3590,3615,408326,M01,P00M01,P10M01,T01
1792,2019-04-17,3615,3700,3570,3675,172205,P05,M00P05,S03P05,U04
1793,2019-04-18,3655,3740,3565,3570,280757,M05,P00M05,S00M05,T01
1794,2019-04-19,3650,3690,3575,3650,155313,K00,M00K00,S07K00,T01
1795,2019-04-22,3680,3690,3600,3655,145442,M05,K00M05,M10M05,T01
1796,2019-04-23,3655,3675,3570,3590,119076,M05,M00M05,S04M05,U03
1797,2019-04-24,3580,3675,3570,3585,194966,K02,M00K02,M10K02,U04
1798,2019-04-25,3600,3610,3500,3520,150324,M05,K00M05,S08M05,T01
1799,2019-04-26,3515,3555,3430,3520,136340,K00,M00K00,S07K00,U03
1800,2019-04-29,3520,3600,3510,3580,140189,P05,K00P05,S08P05,U04
1801,2019-04-30,3590,3620,3545,3580,127671,M05,P00M05,P10M05,U03
1802,2019-05-02,3570,3610,3500,3570,130041,K00,M00K00,S03K00,D04
1803,2019-05-03,3550,3625,3550,3595,98248,P03,K00P03,S04P03,T01
1804,2019-05-07,3550,3640,3525,3610,98579,P05,P00P05,P10P05,D04
1805,2019-05-08,3600,3615,3520,3585,151079,M05,P00M05,P10M05,D04
1806,2019-05-09,3585,3590,3430,3460,226303,M05,M00M05,S06M05,T01
1807,2019-05-10,3440,3550,3330,3440,236457,K00,M00K00,M10K00,D04
1808,2019-05-13,3430,3520,3330,3350,106257,M05,K00M05,M10M05,U01
1809,2019-05-14,3255,3350,3230,3285,155709,P05,M00P05,S07P05,D04
1810,2019-05-15,3335,3430,3315,3395,80755,P05,P00P05,S08P05,U04
1811,2019-05-16,3405,3465,3270,3300,168087,M05,P00M05,P10M05,U04
1812,2019-05-17,3390,3390,3250,3280,104267,M01,M00M01,S07M01,U04
1813,2019-05-20,3280,3320,3230,3260,73401,M05,M00M05,M10M05,D04
1814,2019-05-21,3225,3275,3185,3220,115623,M05,M00M05,M10M05,D04
1815,2019-05-22,3225,3285,3160,3195,86814,M05,M00M05,M10M05,U04
1816,2019-05-23,3200,3210,3070,3110,147975,M05,M00M05,S04M05,D04
1817,2019-05-24,3075,3110,2985,3000,189831,M05,M00M05,M10M05,D04
1818,2019-05-27,2950,3045,2950,3020,91039,P03,M00P03,M10P03,D04
1819,2019-05-28,3040,3165,3040,3165,71545,P00,P00P00,S00P00,U02
1820,2019-05-29,3130,3155,3030,3055,117210,M05,P00M05,P10M05,D04
1821,2019-05-30,3020,3105,2995,3105,138288,P01,M00P01,S06P01,D04
1822,2019-05-31,3110,3155,3075,3120,66523,K00,P00K00,S00K00,U03
1823,2019-06-03,3120,3135,3045,3130,77676,K01,K00K01,P10K01,D04
1824,2019-06-04,3130,3155,3070,3125,64820,M05,K00M05,S04M05,D04
1825,2019-06-05,3120,3180,3120,3140,62521,P04,M00P04,S04P04,U04
1826,2019-06-07,3140,3165,3120,3135,106399,M05,P00M05,S04M05,U04
1827,2019-06-10,3135,3205,3135,3195,128352,P03,M00P03,S04P03,U04
1828,2019-06-11,3200,3305,3195,3280,134146,P05,P00P05,S02P05,U04
1829,2019-06-12,3270,3335,3270,3310,143745,P03,P00P03,P10P03,T01
1830,2019-06-13,3290,3340,3255,3300,116697,K00,P00K00,P10K00,D04
1831,2019-06-14,3270,3330,3260,3285,75964,K00,K00K00,P10K00,U04
1832,2019-06-17,3270,3310,3270,3300,75923,P03,K00P03,S04P03,D04
1833,2019-06-18,3295,3335,3270,3280,64739,M05,P00M05,S04M05,U04
1834,2019-06-19,3295,3330,3260,3315,150219,P05,M00P05,S04P05,U04
1835,2019-06-20,3315,3350,3280,3310,63579,M05,P00M05,S01M05,U04
1836,2019-06-21,3300,3340,3280,3325,109340,P05,M00P05,S04P05,U04
1837,2019-06-24,3275,3380,3270,3300,66808,P05,P00P05,S04P05,T01
1838,2019-06-25,3280,3315,3230,3255,82096,M05,P00M05,P10M05,D04
1839,2019-06-26,3225,3235,3185,3200,112015,M05,M00M05,S07M05,D04
1840,2019-06-27,3190,3235,3185,3200,66878,K00,M00K00,M10K00,U04
1841,2019-06-28,3180,3255,3180,3195,73845,K02,K00K02,S08K02,U04
1842,2019-07-01,3270,3270,3160,3190,50025,M01,K00M01,S04M01,U04
1843,2019-07-02,3190,3190,3135,3180,113997,M02,M00M02,S03M02,U04
1844,2019-07-03,3190,3190,3120,3150,90173,M01,M00M01,M10M01,U03
1845,2019-07-04,3150,3170,3100,3110,81509,M05,M00M05,M10M05,U03
1846,2019-07-05,3110,3170,3110,3130,45420,P04,M00P04,M10P04,U04
1847,2019-07-08,3100,3155,3060,3075,79689,M05,P00M05,S00M05,T01
1848,2019-07-09,3050,3140,3020,3020,57583,M04,M00M04,S07M04,D04
1849,2019-07-10,3000,3055,2985,3025,42327,P05,M00P05,M10P05,U04
1850,2019-07-11,3050,3080,3020,3040,41563,M05,P00M05,S00M05,U04
1851,2019-07-12,3080,3085,3035,3055,17933,M05,M00M05,S05M05,T01
1852,2019-07-15,3055,3120,3045,3065,118429,K00,M00K00,M10K00,U04
1853,2019-07-16,3030,3060,3030,3040,73594,K00,K00K00,S04K00,U03
1854,2019-07-17,3040,3045,2940,2980,166108,M05,K00M05,P10M05,D04
1855,2019-07-18,2975,2975,2910,2935,78323,M01,M00M01,S07M01,D04
1856,2019-07-19,2925,2980,2925,2965,58204,P03,M00P03,M10P03,U03
1857,2019-07-22,2945,2960,2905,2925,93462,M05,P00M05,S00M05,D04
1858,2019-07-23,2910,2980,2900,2920,85369,K00,M00K00,S07K00,U04
1859,2019-07-24,2920,2985,2920,2930,52167,K02,K00K02,S08K02,U04
1860,2019-07-25,2930,2955,2805,2895,230097,M05,K00M05,S04M05,U04
1861,2019-07-26,2830,2905,2800,2825,68994,M05,M00M05,S07M05,D04
1862,2019-07-29,2780,2825,2610,2635,369537,M05,M00M05,M10M05,U04
1863,2019-07-30,2615,2770,2615,2695,77118,P03,M00P03,M10P03,D04
1864,2019-07-31,2660,2735,2615,2710,82411,P05,P00P05,S00P05,T01
1865,2019-08-01,2640,2710,2605,2690,82256,P05,P00P05,P10P05,D04
1866,2019-08-02,2650,2700,2625,2690,78697,P05,P00P05,P10P05,D04
1867,2019-08-05,2665,2690,2550,2550,145321,M03,P00M03,P10M03,D04
1868,2019-08-06,2435,2570,2380,2470,157328,P05,M00P05,S07P05,D04
1869,2019-08-07,2450,2630,2450,2535,76267,P03,P00P03,S08P03,U04
1870,2019-08-08,2575,2625,2550,2590,82471,P05,P00P05,P10P05,U04
1871,2019-08-09,2595,2690,2585,2605,51318,K02,P00K02,P10K02,U04
1872,2019-08-12,2605,2680,2510,2650,89216,P05,K00P05,P10P05,D04
1873,2019-08-13,2600,2645,2585,2615,54048,P05,P00P05,P10P05,D04
1874,2019-08-14,2630,2660,2595,2660,101282,P01,P00P01,P10P01,U04
1875,2019-08-16,2675,2675,2605,2640,68722,M01,P00M01,P10M01,T01
1876,2019-08-19,2630,2685,2615,2640,126336,K00,M00K00,S03K00,U04
1877,2019-08-20,2650,2685,2600,2680,115156,P05,K00P05,S08P05,U04
1878,2019-08-21,2665,2720,2665,2705,102591,P03,P00P03,P10P03,D04
1879,2019-08-22,2695,2720,2690,2705,42837,K00,P00K00,P10K00,U04
1880,2019-08-23,2695,2725,2670,2695,53298,K00,K00K00,P10K00,D04
1881,2019-08-26,2655,2665,2610,2630,51463,M05,K00M05,S04M05,D04
1882,2019-08-27,2630,2690,2630,2655,34103,P03,M00P03,S07P03,U04
1883,2019-08-28,2655,2715,2655,2700,45124,P03,P00P03,S04P03,D04
1884,2019-08-29,2695,2700,2660,2660,24701,M03,P00M03,P10M03,U04
1885,2019-08-30,2670,2720,2670,2710,59587,P03,M00P03,S06P03,U04
1886,2019-09-02,2695,2735,2695,2730,29194,P03,P00P03,S01P03,U04
1887,2019-09-03,2700,2750,2670,2715,32991,P05,P00P05,P10P05,T01
1888,2019-09-04,2695,2715,2680,2715,46626,P01,P00P01,P10P01,D04
1889,2019-09-05,2720,2785,2715,2755,56030,P05,P00P05,S04P05,U04
1890,2019-09-06,2755,2780,2715,2720,31617,M05,P00M05,P10M05,U04
1891,2019-09-09,2720,2740,2620,2645,110118,M05,M00M05,S07M05,T01
1892,2019-09-10,2645,2700,2645,2695,41934,P03,M00P03,M10P03,T01
1893,2019-09-11,2700,2715,2650,2695,39744,M05,P00M05,S00M05,T01
1894,2019-09-16,2695,2730,2695,2705,38328,K00,M00K00,S03K00,T01
1895,2019-09-17,2705,2745,2705,2730,59235,P03,K00P03,S04P03,D04
1896,2019-09-18,2730,2755,2715,2740,86840,K00,P00K00,P10K00,U04
1897,2019-09-19,2740,2775,2735,2740,53685,K02,K00K02,P10K02,T01
1898,2019-09-20,2740,2780,2740,2775,35735,P03,K00P03,S04P03,U01
1899,2019-09-23,2755,2780,2755,2760,17799,K02,P00K02,P10K02,D04
1900,2019-09-24,2760,2775,2720,2750,47274,M05,K00M05,P10M05,T01
1901,2019-09-25,2750,2760,2710,2715,40582,M05,M00M05,S04M05,D04
1902,2019-09-26,2720,2745,2695,2710,32153,M05,M00M05,M10M05,U04
1903,2019-09-27,2710,2715,2635,2670,97043,M05,M00M05,M10M05,D04
1904,2019-09-30,2670,2670,2630,2660,36308,M02,M00M02,M10M02,D04
1905,2019-10-01,2660,2675,2640,2655,29564,M05,M00M05,M10M05,U04
1906,2019-10-02,2655,2665,2620,2620,30856,M03,M00M03,S04M03,D04
1907,2019-10-04,2610,2630,2580,2590,112914,M05,M00M05,M10M05,U04
1908,2019-10-07,2605,2605,2560,2570,50338,M01,M00M01,M10M01,U04
1909,2019-10-08,2555,2590,2555,2565,33862,K00,M00K00,M10K00,D04
1910,2019-10-10,2570,2595,2550,2580,19257,K00,K00K00,S08K00,U04
1911,2019-10-11,2580,2600,2565,2570,33212,M05,K00M05,S04M05,U04
1912,2019-10-14,2590,2605,2580,2595,21552,K00,M00K00,S04K00,U04
1913,2019-10-15,2620,2620,2580,2595,30744,M01,K00M01,S04M01,T01
1914,2019-10-16,2595,2610,2590,2600,49933,K00,M00K00,S03K00,U04
1915,2019-10-17,2600,2620,2600,2605,16338,K00,K00K00,S04K00,D04
1916,2019-10-18,2600,2640,2595,2610,71992,K00,K00K00,S04K00,U04
1917,2019-10-21,2610,2655,2600,2600,55130,M04,K00M04,S04M04,D04
1918,2019-10-22,2605,2635,2600,2610,57242,K00,M00K00,S04K00,U04
1919,2019-10-23,2610,2625,2580,2590,65305,M05,K00M05,S04M05,D04
1920,2019-10-24,2590,2610,2570,2590,38426,K00,M00K00,S04K00,U03
1921,2019-10-25,2590,2645,2570,2595,24972,K00,K00K00,S04K00,U04
1922,2019-10-28,2580,2615,2575,2590,57508,K00,K00K00,S04K00,U04
1923,2019-10-29,2575,2610,2575,2585,29825,K00,K00K00,S04K00,U04
1924,2019-10-30,2590,2620,2575,2585,61636,M05,K00M05,S04M05,D04
1925,2019-10-31,2585,2620,2585,2595,32186,K00,M00K00,S04K00,U04
1926,2019-11-01,2590,2600,2560,2580,49279,M05,K00M05,S04M05,T01
1927,2019-11-04,2580,2620,2570,2605,32047,P05,M00P05,S04P05,U04
1928,2019-11-05,2610,2630,2590,2615,60152,K00,P00K00,S04K00,U04
1929,2019-11-06,2615,2630,2580,2610,76995,M05,K00M05,P10M05,T01
1930,2019-11-07,2615,2615,2575,2590,65282,M01,M00M01,S04M01,D04
1931,2019-11-08,2595,2600,2560,2600,93372,K01,M00K01,S04K01,U04
1932,2019-11-11,2610,2615,2590,2600,38162,M05,K00M05,S04M05,U04
1933,2019-11-12,2595,2690,2595,2680,126493,P03,M00P03,S04P03,T01
1934,2019-11-13,2685,2690,2650,2670,39613,M05,P00M05,S02M05,U03
1935,2019-11-14,2670,2670,2635,2640,41865,M01,M00M01,S03M01,T01
1936,2019-11-15,2650,2700,2630,2640,92355,M05,M00M05,M10M05,T01
1937,2019-11-18,2645,2655,2585,2590,132836,M05,M00M05,M10M05,U04
1938,2019-11-19,2600,2615,2580,2580,60204,M03,M00M03,M10M03,U02
1939,2019-11-20,2580,2605,2520,2540,148835,M05,M00M05,M10M05,U03
1940,2019-11-21,2540,2560,2500,2530,94324,M05,M00M05,M10M05,D04
1941,2019-11-22,2530,2540,2495,2525,77406,M05,M00M05,M10M05,T01
1942,2019-11-25,2525,2550,2520,2530,53003,K00,M00K00,S04K00,U02
1943,2019-11-26,2540,2575,2530,2560,35615,P05,K00P05,S04P05,U04
1944,2019-11-27,2575,2595,2545,2575,41784,K00,P00K00,P10K00,U03
1945,2019-11-28,2560,2580,2540,2580,46889,P01,K00P01,P10P01,U03
1946,2019-11-29,2585,2595,2525,2560,71519,M05,P00M05,S04M05,U04
1947,2019-12-02,2550,2555,2520,2520,32187,M03,M00M03,S04M03,D04
1948,2019-12-03,2520,2560,2490,2535,64940,P05,M00P05,M10P05,D04
1949,2019-12-04,2510,2530,2450,2485,71620,M05,P00M05,S00M05,D04
1950,2019-12-05,2490,2510,2430,2480,53873,M05,M00M05,S07M05,U04
1951,2019-12-06,2480,2500,2470,2490,23693,K00,M00K00,M10K00,U01
1952,2019-12-09,2485,2520,2460,2490,33305,K00,K00K00,S04K00,U04
1953,2019-12-10,2490,2490,2430,2470,89374,M02,K00M02,S04M02,D04
1954,2019-12-11,2485,2485,2430,2460,74267,M01,M00M01,S04M01,T01
1955,2019-12-12,2465,2530,2450,2490,61504,P05,M00P05,M10P05,U04
1956,2019-12-13,2500,2540,2500,2515,35759,P03,P00P03,S01P03,U04
1957,2019-12-16,2520,2550,2505,2505,63212,M04,P00M04,P10M04,U03
1958,2019-12-17,2510,2525,2480,2505,48910,M05,M00M05,S04M05,U04
1959,2019-12-18,2520,2520,2485,2500,38265,M01,M00M01,S04M01,U02
1960,2019-12-19,2505,2510,2465,2500,58340,M05,M00M05,S04M05,U01
1961,2019-12-20,2500,2635,2480,2490,295051,M05,M00M05,S04M05,U04
1962,2019-12-23,2500,2520,2465,2475,190839,M05,M00M05,S04M05,U04
1963,2019-12-24,2475,2505,2470,2475,58149,K02,M00K02,M10K02,U03
1964,2019-12-26,2475,2500,2475,2495,54700,P03,K00P03,M10P03,U01
1965,2019-12-27,2520,2520,2475,2490,50465,M01,P00M01,S04M01,U04
1966,2019-12-30,2490,2490,2460,2485,45211,M02,M00M02,S03M02,T01
1967,2020-01-02,2485,2500,2465,2495,48741,K01,M00K01,M10K01,U04
1968,2020-01-03,2500,2555,2480,2550,101819,P05,K00P05,S04P05,U04
1969,2020-01-06,2540,2540,2495,2505,71818,M01,P00M01,P10M01,D04
1970,2020-01-07,2505,2540,2505,2520,23884,P03,M00P03,S06P03,U04
1971,2020-01-08,2480,2515,2400,2435,159706,M05,P00M05,S00M05,T01
1972,2020-01-09,2455,2485,2430,2465,81461,K00,M00K00,S07K00,U04
1973,2020-01-10,2470,2485,2445,2470,58404,K00,K00K00,S01K00,U04
1974,2020-01-13,2470,2480,2450,2480,61188,K01,K00K01,S04K01,T01
1975,2020-01-14,2475,2510,2455,2480,69363,K00,K00K00,S04K00,U04
1976,2020-01-15,2480,2515,2465,2510,69765,P05,K00P05,S04P05,T01
1977,2020-01-16,2520,2525,2500,2515,42829,M05,P00M05,P10M05,U01
1978,2020-01-17,2515,2530,2490,2520,50418,K00,M00K00,S05K00,U04
1979,2020-01-20,2525,2525,2495,2515,33562,M02,K00M02,S04M02,U04
1980,2020-01-21,2515,2515,2485,2515,42303,K01,M00K01,S04K01,U04
1981,2020-01-22,2520,2640,2515,2635,708792,P05,K00P05,S04P05,T01
1982,2020-01-23,2685,2720,2615,2665,298709,M05,P00M05,P10M05,U02
1983,2020-01-28,2520,2585,2495,2565,391324,P05,M00P05,S05P05,D04
1984,2020-01-29,2570,2590,2520,2580,88737,K01,P00K01,S08K01,U04
1985,2020-01-30,2560,2600,2510,2540,115731,M05,K00M05,P10M05,U01
1986,2020-01-31,2540,2670,2525,2560,303485,P05,M00P05,S07P05,U03
1987,2020-02-03,2565,2760,2560,2650,812679,P05,P00P05,S04P05,D04
1988,2020-02-04,2650,2755,2620,2715,688586,P05,P00P05,P10P05,U04
1989,2020-02-05,2770,2780,2710,2760,424730,M05,P00M05,P10M05,U04
1990,2020-02-06,2785,2800,2745,2765,290156,M05,M00M05,S05M05,U04
1991,2020-02-07,2790,2790,2650,2720,185906,M01,M00M01,S04M01,U04
1992,2020-02-10,2735,2735,2640,2690,129670,M01,M00M01,M10M01,D04
1993,2020-02-11,2700,2700,2645,2660,106078,M01,M00M01,M10M01,U04
1994,2020-02-12,2695,2695,2620,2670,98475,M02,M00M02,M10M02,U02
1995,2020-02-13,2690,2855,2665,2710,947057,P05,M00P05,M10P05,U04
1996,2020-02-14,2655,2720,2640,2695,197763,P05,P00P05,S01P05,T01
1997,2020-02-17,2670,2695,2640,2640,134475,M03,P00M03,P10M03,T01
1998,2020-02-18,2640,2660,2600,2640,95152,K00,M00K00,S07K00,U03
1999,2020-02-19,2650,3200,2620,2810,8527946,P05,K00P05,M10P05,T01
2000,2020-02-20,2780,2950,2740,2860,2183187,P05,P00P05,P10P05,U04
2001,2020-02-21,2865,3085,2825,2825,3610065,M04,P00M04,P10M04,D04
2002,2020-02-24,3035,3135,2740,2745,4210719,M05,M00M05,S03M05,D04
2003,2020-02-25,2810,2820,2610,2645,853358,M05,M00M05,M10M05,D04
2004,2020-02-26,2645,2700,2550,2555,684038,M05,M00M05,M10M05,D04
2005,2020-02-27,2550,2580,2460,2465,455896,M05,M00M05,M10M05,U03
2006,2020-02-28,2445,2455,2275,2305,608487,M05,M00M05,M10M05,D04
2007,2020-03-02,2300,2375,2295,2330,270802,P05,M00P05,M10P05,T01
2008,2020-03-03,2360,2400,2350,2370,137714,K00,P00K00,S00K00,U04
2009,2020-03-04,2325,2405,2300,2395,167297,P05,K00P05,P10P05,D04
2010,2020-03-05,2400,2450,2395,2425,217263,P05,P00P05,P10P05,U04
2011,2020-03-06,2425,2425,2350,2400,149723,M02,P00M02,P10M02,D04
2012,2020-03-09,2330,2375,2255,2255,308875,M03,M00M03,S07M03,D04
2013,2020-03-10,2180,2240,2150,2200,293937,P05,M00P05,M10P05,D04
2014,2020-03-11,2195,2260,2100,2140,250352,M05,P00M05,S08M05,U04
2015,2020-03-12,2100,2135,1980,2020,366513,M05,M00M05,S07M05,D04
2016,2020-03-13,1810,1945,1760,1840,430890,P05,M00P05,M10P05,D04
2017,2020-03-16,1860,2000,1790,1790,247360,M04,P00M04,S08M04,U04
2018,2020-03-17,1640,1825,1640,1760,185870,P03,M00P03,S07P03,D04
2019,2020-03-18,1775,1900,1750,1750,249854,M04,P00M04,S08M04,U04
2020,2020-03-19,1750,1805,1525,1550,317895,M15,M00M15,S03M15,D04
2021,2020-03-20,1545,1690,1545,1640,303308,P03,M10P03,M10P03,U04
2022,2020-03-23,1555,1600,1525,1565,172538,P05,P00P05,S00P05,D04
2023,2020-03-24,1570,1640,1570,1630,129723,P03,P00P03,P10P03,T01
2024,2020-03-25,1680,1775,1680,1730,229292,P03,P00P03,P10P03,U04
2025,2020-03-26,1750,1845,1730,1815,224420,P05,P00P05,P10P05,D04
2026,2020-03-27,1855,1895,1775,1815,251920,M05,P00M05,P10M05,U04
2027,2020-03-30,1800,1840,1720,1830,226090,P05,M00P05,S03P05,D04
2028,2020-03-31,1855,1935,1855,1900,217619,P03,P00P03,S00P03,U04
2029,2020-04-01,1900,1990,1835,1835,252421,M03,P00M03,P10M03,D04
2030,2020-04-02,1830,1895,1750,1895,191182,P01,M00P01,S07P01,D04
2031,2020-04-03,1895,1940,1880,1920,109744,P05,P00P05,S00P05,U04
2032,2020-04-06,1925,2065,1900,2045,325842,P05,P00P05,P10P05,D04
2033,2020-04-07,2110,2120,2020,2080,546802,M05,P00M05,P10M05,U04
2034,2020-04-08,2100,2175,2065,2095,462758,M05,M00M05,S05M05,D04
2035,2020-04-09,2130,2165,2050,2090,254814,M05,M00M05,M10M05,U04
2036,2020-04-10,2085,2125,2030,2095,317096,K00,M00K00,M10K00,U04
2037,2020-04-13,2095,2095,2025,2025,150979,M00,K00M00,S00M00,U04
2038,2020-04-14,2030,2060,2015,2025,158466,M05,M00M05,S07M05,U04
2039,2020-04-16,2015,2060,1985,2050,153681,P05,M00P05,M10P05,D04
2040,2020-04-17,2055,2110,2055,2085,174776,P03,P00P03,S02P03,U04
2041,2020-04-20,2100,2120,2075,2090,160533,M05,P00M05,P10M05,U04
2042,2020-04-21,2085,2100,1955,2020,155733,M05,M00M05,S05M05,D04
2043,2020-04-22,1985,2095,1980,2055,127863,P05,M00P05,M10P05,D04
2044,2020-04-23,2060,2125,2060,2115,162882,P03,P00P03,S00P03,U04
2045,2020-04-24,2080,2135,2070,2080,160330,K02,P00K02,P10K02,T01
2046,2020-04-27,2080,2140,2060,2140,114661,P01,K00P01,P10P01,U04
2047,2020-04-28,2145,2180,2110,2160,216393,P05,P00P05,P10P05,U04
2048,2020-04-29,2140,2260,2140,2200,199418,P03,P00P03,P10P03,D04
2049,2020-05-04,2175,2185,2135,2175,137469,K01,P00K01,P10K01,D04
2050,2020-05-06,2195,2215,2155,2215,141707,P01,K00P01,P10P01,U04
2051,2020-05-07,2215,2235,2160,2220,119956,K01,P00K01,P10K01,U04
2052,2020-05-08,2260,2260,2210,2220,145397,M01,K00M01,P10M01,U04
2053,2020-05-11,2220,2220,2160,2165,105122,M01,M00M01,S03M01,U04
2054,2020-05-12,2160,2185,2135,2150,115713,M05,M00M05,M10M05,U04
2055,2020-05-13,2140,2140,2115,2130,64550,M01,M00M01,M10M01,D04
2056,2020-05-14,2105,2135,2085,2105,66430,K00,M00K00,M10K00,D04
2057,2020-05-15,2105,2155,2090,2140,112778,P05,K00P05,M10P05,U04
2058,2020-05-18,2165,2170,2100,2110,101196,M05,P00M05,P10M05,U04
2059,2020-05-19,2115,2155,2115,2120,112669,K02,M00K02,S03K02,U04
2060,2020-05-20,2115,2165,2115,2145,88738,P03,K00P03,S01P03,D04
2061,2020-05-21,2145,2190,2135,2175,119519,P05,P00P05,P10P05,U04
2062,2020-05-22,2175,2200,2125,2125,82615,M03,P00M03,P10M03,D04
2063,2020-05-25,2125,2150,2100,2120,93943,M05,M00M05,S07M05,D04
2064,2020-05-26,2140,2140,2110,2135,59950,M02,M00M02,M10M02,U04
2065,2020-05-27,2125,2200,2125,2195,115251,P03,M00P03,S04P03,U03
2066,2020-05-28,2185,2230,2125,2155,97163,M05,P00M05,S02M05,U04
2067,2020-05-29,2135,2180,2100,2175,116490,P05,M00P05,S06P05,D04
2068,2020-06-01,2165,2190,2130,2165,80338,K00,P00K00,S00K00,U04
2069,2020-06-02,2165,2220,2150,2205,154177,P05,K00P05,P10P05,U04
2070,2020-06-03,2220,2270,2185,2225,293058,K00,P00K00,P10K00,U04
2071,2020-06-04,2225,2255,2200,2220,88787,M05,K00M05,P10M05,U04
2072,2020-06-05,2205,2260,2200,2220,136945,P05,M00P05,S04P05,D04
2073,2020-06-08,2235,2320,2230,2255,167060,P05,P00P05,S04P05,U04
2074,2020-06-09,2255,2270,2215,2220,77832,M05,P00M05,P10M05,U04
2075,2020-06-10,2220,2235,2185,2185,79124,M03,M00M03,S07M03,U04
2076,2020-06-11,2190,2205,2150,2155,120985,M05,M00M05,M10M05,U04
2077,2020-06-12,2050,2150,2045,2110,134897,P05,M00P05,M10P05,D04
2078,2020-06-15,2100,2160,1990,1990,200850,M03,P00M03,S08M03,U04
2079,2020-06-16,2030,2070,2025,2060,55042,P05,M00P05,S07P05,U04
2080,2020-06-17,2025,2110,2025,2045,80199,P04,P00P04,S01P04,U04
2081,2020-06-18,2080,2080,2030,2065,41268,M02,P00M02,P10M02,U02
2082,2020-06-19,2065,2085,2005,2060,71285,M05,M00M05,S05M05,U04
2083,2020-06-22,2060,2075,2030,2065,42091,K01,M00K01,S04K01,T01
2084,2020-06-23,2065,2070,2005,2005,90834,M03,K00M03,S04M03,U04
2085,2020-06-24,2020,2035,1975,2000,185709,M05,M00M05,S07M05,U04
2086,2020-06-25,2000,2000,1950,1970,54032,M01,M00M01,M10M01,D04
2087,2020-06-26,1990,2020,1980,2010,51524,P05,M00P05,M10P05,U04
2088,2020-06-29,2010,2010,1945,1960,41299,M01,P00M01,S01M01,D04
2089,2020-06-30,1960,1995,1955,1970,42208,P05,M00P05,S07P05,U04
2090,2020-07-01,1975,2015,1970,1970,26284,M04,P00M04,S00M04,U04
2091,2020-07-02,1970,2000,1970,1985,14462,P03,M00P03,S04P03,U04
2092,2020-07-03,1990,2025,1965,2000,49329,P05,P00P05,S04P05,U04
2093,2020-07-06,2000,2020,1995,2000,22354,K02,P00K02,P10K02,U04
2094,2020-07-07,2010,2055,1990,2000,73717,M05,K00M05,S04M05,U04
2095,2020-07-08,2000,2035,2000,2005,18535,K02,M00K02,S04K02,D04
2096,2020-07-09,2010,2030,2000,2015,62324,K00,K00K00,S04K00,U04
2097,2020-07-10,2005,2030,1960,2000,111176,M05,K00M05,S04M05,U04
2098,2020-07-13,2000,2055,2000,2045,38933,P03,M00P03,S04P03,U04
2099,2020-07-14,2050,2070,2025,2060,57597,K01,P00K01,S02K01,D04
2100,2020-07-15,2060,2075,2035,2050,77189,M05,K00M05,P10M05,U04
2101,2020-07-16,2050,2070,2045,2055,46341,K00,M00K00,S04K00,U04
2102,2020-07-17,2050,2065,2030,2040,35170,M05,K00M05,S04M05,D04
2103,2020-07-20,2060,2065,2030,2035,48981,M05,M00M05,S04M05,U04
2104,2020-07-21,2050,2065,2035,2060,80665,K01,M00K01,M10K01,U04
2105,2020-07-22,2055,2065,2035,2055,61938,K00,K00K00,S01K00,D04
2106,2020-07-23,2055,2060,1990,2010,182694,M05,K00M05,S04M05,U03
2107,2020-07-24,2010,2015,1990,2000,71609,M05,M00M05,S07M05,D04
2108,2020-07-27,2000,2050,2000,2050,81764,P00,M00P00,M10P00,D04
2109,2020-07-28,2050,2080,2035,2060,67027,K00,P00K00,S02K00,U04
2110,2020-07-29,2050,2090,2030,2070,74318,P05,K00P05,P10P05,D04
2111,2020-07-30,2080,2090,2040,2090,68971,K01,P00K01,S04K01,U04
2112,2020-07-31,2070,2110,2065,2070,39346,K02,K00K02,P10K02,U04
2113,2020-08-03,2090,2090,2050,2065,24561,M01,K00M01,S04M01,U04
2114,2020-08-04,2070,2095,2055,2080,56638,K00,M00K00,S07K00,U04
2115,2020-08-05,2090,2100,2050,2060,57492,M05,K00M05,S01M05,U04
2116,2020-08-06,2060,2075,2040,2050,104912,M05,M00M05,S07M05,U04
2117,2020-08-07,2060,2115,1995,2055,156064,M05,M00M05,M10M05,U04
2118,2020-08-10,2045,2115,2045,2100,116062,P03,M00P03,S04P03,D04
2119,2020-08-11,2110,2165,2075,2150,143647,P05,P00P05,S02P05,D04
2120,2020-08-12,2150,2175,2115,2140,75439,M05,P00M05,P10M05,D04
2121,2020-08-13,2145,2170,2135,2145,81862,K00,M00K00,S03K00,U04
2122,2020-08-14,2160,2170,2105,2130,124265,M05,K00M05,S04M05,U03
2123,2020-08-18,2155,2155,2050,2055,250375,M01,M00M01,S07M01,U04
2124,2020-08-19,2080,2105,2050,2055,66122,M05,M00M05,M10M05,U04
2125,2020-08-20,2040,2055,1985,1995,292815,M05,M00M05,M10M05,D04
2126,2020-08-21,2105,2105,2010,2065,173138,M01,M00M01,M10M01,U04
2127,2020-08-24,2065,2100,2025,2055,37566,M05,M00M05,M10M05,U04
2128,2020-08-25,2055,2110,2055,2100,88664,P03,M00P03,M10P03,U04
2129,2020-08-26,2110,2125,2075,2115,78351,K01,P00K01,S02K01,U04
2130,2020-08-27,2115,2140,2085,2115,68652,K00,K00K00,P10K00,U04
2131,2020-08-28,2175,2225,2155,2225,420505,P01,K00P01,S04P01,D04
2132,2020-08-31,2290,2375,2255,2290,425318,K00,P00K00,P10K00,U04
2133,2020-09-01,2305,2320,2180,2295,166553,M05,K00M05,P10M05,U04
2134,2020-09-02,2295,2330,2285,2320,146334,P05,M00P05,S04P05,U04
2135,2020-09-03,2320,2440,2320,2400,540733,P03,P00P03,S02P03,U04
2136,2020-09-04,2325,2380,2290,2375,187780,P05,P00P05,P10P05,D04
2137,2020-09-07,2375,2440,2360,2400,191885,P05,P00P05,P10P05,D04
2138,2020-09-08,2400,2440,2375,2390,77207,M05,P00M05,P10M05,D04
2139,2020-09-09,2370,2415,2340,2355,83674,M05,M00M05,S03M05,D04
2140,2020-09-10,2360,2430,2360,2405,78661,P03,M00P03,M10P03,U04
2141,2020-09-11,2405,2425,2385,2400,50610,M05,P00M05,S01M05,D04
2142,2020-09-14,2400,2430,2385,2390,56964,M05,M00M05,S03M05,D04
2143,2020-09-15,2390,2460,2375,2460,106808,P01,M00P01,S04P01,U04
2144,2020-09-16,2480,2485,2415,2415,96577,M03,P00M03,S02M03,U04
2145,2020-09-17,2430,2430,2350,2415,57662,M02,M00M02,S03M02,D04
2146,2020-09-18,2415,2460,2350,2380,101663,M05,M00M05,M10M05,D04
2147,2020-09-21,2380,2410,2300,2350,80204,M05,M00M05,M10M05,D04
2148,2020-09-22,2350,2365,2265,2300,92635,M05,M00M05,M10M05,T01
2149,2020-09-23,2290,2350,2230,2325,45544,P05,M00P05,M10P05,U04
2150,2020-09-24,2265,2310,2220,2250,64949,M05,P00M05,S00M05,D04
2151,2020-09-25,2250,2400,2235,2320,58425,P05,M00P05,S07P05,U04
2152,2020-09-28,2320,2365,2305,2340,30495,P05,P00P05,S02P05,U04
2153,2020-09-29,2340,2435,2340,2365,70701,P04,P00P04,P10P04,U04
2154,2020-10-05,2420,2420,2355,2375,36218,M01,P00M01,P10M01,D04
2155,2020-10-06,2375,2390,2355,2365,29496,M05,M00M05,S05M05,U04
2156,2020-10-07,2370,2415,2345,2410,75063,P05,M00P05,M10P05,D04
2157,2020-10-08,2415,2425,2385,2410,41872,M05,P00M05,S01M05,U04
2158,2020-10-12,2430,2430,2395,2415,62655,M01,M00M01,S03M01,U04
2159,2020-10-13,2425,2425,2270,2380,101452,M02,M00M02,S04M02,U04
2160,2020-10-14,2370,2430,2340,2365,113773,M05,M00M05,M10M05,T01
2161,2020-10-15,2345,2425,2345,2360,127089,P04,M00P04,M10P04,D04
2162,2020-10-16,2415,2420,2355,2390,52588,M05,P00M05,S08M05,D04
2163,2020-10-19,2390,2415,2365,2390,26754,K00,M00K00,S05K00,D04
2164,2020-10-20,2395,2425,2305,2385,123791,M05,K00M05,M10M05,D04
2165,2020-10-21,2365,2430,2365,2410,42958,P03,M00P03,S04P03,U04
2166,2020-10-22,2410,2435,2385,2385,23199,M03,P00M03,S02M03,D04
2167,2020-10-23,2415,2480,2375,2385,120121,M05,M00M05,S03M05,U03
2168,2020-10-26,2405,2435,2385,2420,100069,P05,M00P05,M10P05,U04
2169,2020-10-27,2420,2420,2375,2395,47401,M01,P00M01,S01M01,D04
2170,2020-10-28,2385,2425,2385,2415,14368,P03,M00P03,S07P03,U04
